x	y	z	Pressure
-11.760000000001881	-10.080000000001917	20	10.066299800627792
-11.760000000001881	-10.000000000001918	20	10.195976599076392
-11.760000000001881	-9.92000000000192	20	10.066299800640147
-11.680000000001883	-10.480000000001908	20	11.151713814153482
-11.680000000001883	-10.40000000000191	20	12.837790338055552
-11.680000000001883	-10.320000000001912	20	14.405256740653172
-11.680000000001883	-10.240000000001913	20	15.755557991993939
-11.680000000001883	-10.160000000001915	20	16.79688061352109
-11.680000000001883	-10.080000000001917	20	17.454424881991347
-11.680000000001883	-10.000000000001918	20	17.67927750731421
-11.680000000001883	-9.92000000000192	20	17.45442488201277
-11.680000000001883	-9.840000000001922	20	16.79688061356234
-11.680000000001883	-9.760000000001924	20	15.755557992051973
-11.680000000001883	-9.680000000001925	20	14.405256740723912
-11.680000000001883	-9.600000000001927	20	12.837790338134363
-11.680000000001883	-9.520000000001929	20	11.15171381423563
-11.600000000001884	-10.720000000001903	20	10.595116542233978
-11.600000000001884	-10.640000000001905	20	13.170680585817651
-11.600000000001884	-10.560000000001907	20	15.958525354206925
-11.600000000001884	-10.480000000001908	20	18.84774336608503
-11.600000000001884	-10.40000000000191	20	21.697416353366513
-11.600000000001884	-10.320000000001912	20	24.34662390867743
-11.600000000001884	-10.240000000001913	20	26.62879612689501
-11.600000000001884	-10.160000000001915	20	28.388757139069934
-11.600000000001884	-10.080000000001917	20	29.50008637783127
-11.600000000001884	-10.000000000001918	20	29.88011447466937
-11.600000000001884	-9.92000000000192	20	29.500086377867483
-11.600000000001884	-9.840000000001922	20	28.388757139139646
-11.600000000001884	-9.760000000001924	20	26.628796126993095
-11.600000000001884	-9.680000000001925	20	24.34662390879699
-11.600000000001884	-9.600000000001927	20	21.69741635349972
-11.600000000001884	-9.520000000001929	20	18.847743366223874
-11.600000000001884	-9.44000000000193	20	15.958525354344083
-11.600000000001884	-9.360000000001932	20	13.170680585947022
-11.600000000001884	-9.280000000001934	20	10.595116542351052
-11.520000000001886	-10.8800000000019	20	10.460363310992625
-11.520000000001886	-10.800000000001901	20	13.686270696269672
-11.520000000001886	-10.720000000001903	20	17.454424881927043
-11.520000000001886	-10.640000000001905	20	21.697416353339865
-11.520000000001886	-10.560000000001907	20	26.290119689669933
-11.520000000001886	-10.480000000001908	20	31.049825593311084
-11.520000000001886	-10.40000000000191	20	35.744384911869915
-11.520000000001886	-10.320000000001912	20	40.10869691226045
-11.520000000001886	-10.240000000001913	20	43.868353862867295
-11.520000000001886	-10.160000000001915	20	46.76771859941132
-11.520000000001886	-10.080000000001917	20	48.598525522556216
-11.520000000001886	-10.000000000001918	20	49.224584881397746
-11.520000000001886	-9.92000000000192	20	48.59852552261588
-11.520000000001886	-9.840000000001922	20	46.76771859952616
-11.520000000001886	-9.760000000001924	20	43.86835386302888
-11.520000000001886	-9.680000000001925	20	40.108696912457404
-11.520000000001886	-9.600000000001927	20	35.74438491208935
-11.520000000001886	-9.520000000001929	20	31.04982559353981
-11.520000000001886	-9.44000000000193	20	26.290119689895892
-11.520000000001886	-9.360000000001932	20	21.697416353552985
-11.520000000001886	-9.280000000001934	20	17.454424882119927
-11.520000000001886	-9.200000000001936	20	13.686270696437713
-11.520000000001886	-9.120000000001937	20	10.460363311133907
-11.440000000001888	-10.960000000001898	20	12.51331392401493
-11.440000000001888	-10.8800000000019	20	16.79688061345921
-11.440000000001888	-10.800000000001901	20	21.976928343123873
-11.440000000001888	-10.720000000001903	20	28.027696763670026
-11.440000000001888	-10.640000000001905	20	34.840942065996295
-11.440000000001888	-10.560000000001907	20	42.21574228467546
-11.440000000001888	-10.480000000001908	20	49.8587093061575
-11.440000000001888	-10.40000000000191	20	57.397066250583016
-11.440000000001888	-10.320000000001912	20	64.40512375786005
-11.440000000001888	-10.240000000001913	20	70.44224761956585
-11.440000000001888	-10.160000000001915	20	75.09794473894077
-11.440000000001888	-10.080000000001917	20	78.03778959901774
-11.440000000001888	-10.000000000001918	20	79.04309352534973
-11.440000000001888	-9.92000000000192	20	78.03778959911354
-11.440000000001888	-9.840000000001922	20	75.0979447391252
-11.440000000001888	-9.760000000001924	20	70.44224761982528
-11.440000000001888	-9.680000000001925	20	64.40512375817632
-11.440000000001888	-9.600000000001927	20	57.39706625093538
-11.440000000001888	-9.520000000001929	20	49.85870930652479
-11.440000000001888	-9.44000000000193	20	42.21574228503829
-11.440000000001888	-9.360000000001932	20	34.84094206633851
-11.440000000001888	-9.280000000001934	20	28.027696763979723
-11.440000000001888	-9.200000000001936	20	21.976928343393713
-11.440000000001888	-9.120000000001937	20	16.79688061368606
-11.440000000001888	-9.040000000001939	20	12.513313924199302
-11.36000000000189	-11.120000000001895	20	10.066299800578351
-11.36000000000189	-11.040000000001896	20	14.22204451403003
-11.36000000000189	-10.960000000001898	20	19.5855723659044
-11.36000000000189	-10.8800000000019	20	26.29011968963766
-11.36000000000189	-10.800000000001901	20	34.39782003858199
-11.36000000000189	-10.720000000001903	20	43.868353862759555
-11.36000000000189	-10.640000000001905	20	54.53230025822847
-11.36000000000189	-10.560000000001907	20	66.07518044521284
-11.36000000000189	-10.480000000001908	20	78.0377895988261
-11.36000000000189	-10.40000000000191	20	89.83666528847972
-11.36000000000189	-10.320000000001912	20	100.80552759679095
-11.36000000000189	-10.240000000001913	20	110.25470524816001
-11.36000000000189	-10.160000000001915	20	117.54170319282545
-11.36000000000189	-10.080000000001917	20	122.14308573634723
-11.36000000000189	-10.000000000001918	20	123.71656602449984
-11.36000000000189	-9.92000000000192	20	122.14308573649717
-11.36000000000189	-9.840000000001922	20	117.5417031931141
-11.36000000000189	-9.760000000001924	20	110.25470524856615
-11.36000000000189	-9.680000000001925	20	100.80552759728607
-11.36000000000189	-9.600000000001927	20	89.83666528903123
-11.36000000000189	-9.520000000001929	20	78.03778959940104
-11.36000000000189	-9.44000000000193	20	66.07518044578075
-11.36000000000189	-9.360000000001932	20	54.532300258764096
-11.36000000000189	-9.280000000001934	20	43.868353863244295
-11.36000000000189	-9.200000000001936	20	34.39782003900433
-11.36000000000189	-9.120000000001937	20	26.29011968999273
-11.36000000000189	-9.040000000001939	20	19.585572366192974
-11.36000000000189	-8.96000000000194	20	14.222044514257046
-11.36000000000189	-8.880000000001942	20	10.066299800751377
-11.280000000001891	-11.200000000001893	20	10.595116542220964
-11.280000000001891	-11.120000000001895	20	15.35733471337109
-11.280000000001891	-11.040000000001896	20	21.697416353313233
-11.280000000001891	-10.960000000001898	20	29.880114474522635
-11.280000000001891	-10.8800000000019	20	40.10869691216194
-11.280000000001891	-10.800000000001901	20	52.477955774023
-11.280000000001891	-10.720000000001903	20	66.92637880269544
-11.280000000001891	-10.640000000001905	20	83.19549430740689
-11.280000000001891	-10.560000000001907	20	100.80552759666722
-11.280000000001891	-10.480000000001908	20	119.05590722540833
-11.280000000001891	-10.40000000000191	20	137.05649202788527
-11.280000000001891	-10.320000000001912	20	153.79079293594464
-11.280000000001891	-10.240000000001913	20	168.2066345890854
-11.280000000001891	-10.160000000001915	20	179.32381455678768
-11.280000000001891	-10.080000000001917	20	186.3437695814797
-11.280000000001891	-10.000000000001918	20	188.74430045466738
-11.280000000001891	-9.92000000000192	20	186.34376958170844
-11.280000000001891	-9.840000000001922	20	179.32381455722805
-11.280000000001891	-9.760000000001924	20	168.20663458970503
-11.280000000001891	-9.680000000001925	20	153.79079293669992
-11.280000000001891	-9.600000000001927	20	137.05649202872667
-11.280000000001891	-9.520000000001929	20	119.05590722628537
-11.280000000001891	-9.44000000000193	20	100.80552759753364
-11.280000000001891	-9.360000000001932	20	83.19549430822407
-11.280000000001891	-9.280000000001934	20	66.92637880343503
-11.280000000001891	-9.200000000001936	20	52.47795577466734
-11.280000000001891	-9.120000000001937	20	40.10869691270367
-11.280000000001891	-9.040000000001939	20	29.88011447496286
-11.280000000001891	-8.96000000000194	20	21.697416353659552
-11.280000000001891	-8.880000000001942	20	15.357334713635078
-11.280000000001891	-8.800000000001944	20	10.595116542416099
-11.200000000001893	-11.280000000001891	20	10.595116542220964
-11.200000000001893	-11.200000000001893	20	15.755557991935895
-11.200000000001893	-11.120000000001895	20	22.83725494796378
-11.200000000001893	-11.040000000001896	20	32.2653271691285
-11.200000000001893	-10.960000000001898	20	44.433477870016794
-11.200000000001893	-10.8800000000019	20	59.64397821036902
-11.200000000001893	-10.800000000001901	20	78.03778959873031
-11.200000000001893	-10.720000000001903	20	99.52343971056494
-11.200000000001893	-10.640000000001905	20	123.7165660240441
-11.200000000001893	-10.560000000001907	20	149.9037155115666
-11.200000000001893	-10.480000000001908	20	177.0430974588652
-11.200000000001893	-10.40000000000191	20	203.8110198893564
-11.200000000001893	-10.320000000001912	20	228.69590410566218
-11.200000000001893	-10.240000000001913	20	250.13310380644182
-11.200000000001893	-10.160000000001915	20	266.6650006468331
-11.200000000001893	-10.080000000001917	20	277.10408435597117
-11.200000000001893	-10.000000000001918	20	280.67381416811844
-11.200000000001893	-9.92000000000192	20	277.10408435631126
-11.200000000001893	-9.840000000001922	20	266.665000647488
-11.200000000001893	-9.760000000001924	20	250.13310380736326
-11.200000000001893	-9.680000000001925	20	228.69590410678538
-11.200000000001893	-9.600000000001927	20	203.81101989060764
-11.200000000001893	-9.520000000001929	20	177.04309746016938
-11.200000000001893	-9.44000000000193	20	149.903715512855
-11.200000000001893	-9.360000000001932	20	123.71656602525934
-11.200000000001893	-9.280000000001934	20	99.52343971166471
-11.200000000001893	-9.200000000001936	20	78.03778959968848
-11.200000000001893	-9.120000000001937	20	59.64397821117455
-11.200000000001893	-9.040000000001939	20	44.43347787067148
-11.200000000001893	-8.96000000000194	20	32.2653271696435
-11.200000000001893	-8.880000000001942	20	22.837254948356325
-11.200000000001893	-8.800000000001944	20	15.755557992226068
-11.200000000001893	-8.720000000001946	20	10.595116542429103
-11.120000000001895	-11.36000000000189	20	10.066299800578351
-11.120000000001895	-11.280000000001891	20	15.35733471337109
-11.120000000001895	-11.200000000001893	20	22.83725494796378
-11.120000000001895	-11.120000000001895	20	33.101983047838324
-11.120000000001895	-11.040000000001896	20	46.76771859923902
-11.120000000001895	-10.960000000001898	20	64.40512375770187
-11.120000000001895	-10.8800000000019	20	86.45233238950689
-11.120000000001895	-10.800000000001901	20	113.1136642417818
-11.120000000001895	-10.720000000001903	20	144.25653265544597
-11.120000000001895	-10.640000000001905	20	179.32381455634723
-11.120000000001895	-10.560000000001907	20	217.2813790877389
-11.120000000001895	-10.480000000001908	20	256.61917880120166
-11.120000000001895	-10.40000000000191	20	295.41855799712283
-11.120000000001895	-10.320000000001912	20	331.4885242585023
-11.120000000001895	-10.240000000001913	20	362.5611651124594
-11.120000000001895	-10.160000000001915	20	386.52370221274424
-11.120000000001895	-10.080000000001917	20	401.654871556968
-11.120000000001895	-10.000000000001918	20	406.82909831917334
-11.120000000001895	-9.92000000000192	20	401.65487155746104
-11.120000000001895	-9.840000000001922	20	386.52370221369347
-11.120000000001895	-9.760000000001924	20	362.5611651137949
-11.120000000001895	-9.680000000001925	20	331.4885242601304
-11.120000000001895	-9.600000000001927	20	295.4185579989365
-11.120000000001895	-9.520000000001929	20	256.61917880309215
-11.120000000001895	-9.44000000000193	20	217.28137908960633
-11.120000000001895	-9.360000000001932	20	179.32381455810872
-11.120000000001895	-9.280000000001934	20	144.25653265704003
-11.120000000001895	-9.200000000001936	20	113.11366424317063
-11.120000000001895	-9.120000000001937	20	86.45233239067448
-11.120000000001895	-9.040000000001939	20	64.40512375865082
-11.120000000001895	-8.96000000000194	20	46.76771859998554
-11.120000000001895	-8.880000000001942	20	33.10198304840731
-11.120000000001895	-8.800000000001944	20	22.83725494838438
-11.120000000001895	-8.720000000001946	20	15.35733471367278
-11.120000000001895	-8.640000000001947	20	10.066299800788464
-11.040000000001896	-11.36000000000189	20	14.22204451403003
-11.040000000001896	-11.280000000001891	20	21.697416353313233
-11.040000000001896	-11.200000000001893	20	32.2653271691285
-11.040000000001896	-11.120000000001895	20	46.76771859923902
-11.040000000001896	-11.040000000001896	20	66.07518044513174
-11.040000000001896	-10.960000000001898	20	90.99396552455389
-11.040000000001896	-10.8800000000019	20	122.1430857358973
-11.040000000001896	-10.800000000001901	20	159.81121165288977
-11.040000000001896	-10.720000000001903	20	203.8110198891062
-11.040000000001896	-10.640000000001905	20	253.35538614690472
-11.040000000001896	-10.560000000001907	20	306.983251708648
-11.040000000001896	-10.480000000001908	20	362.5611651120143
-11.040000000001896	-10.40000000000191	20	417.3783778885917
-11.040000000001896	-10.320000000001912	20	468.3393740790117
-11.040000000001896	-10.240000000001913	20	512.2399621946226
-11.040000000001896	-10.160000000001915	20	546.0951300379016
-11.040000000001896	-10.080000000001917	20	567.4730115063747
-11.040000000001896	-10.000000000001918	20	574.783352425641
-11.040000000001896	-9.92000000000192	20	567.4730115070713
-11.040000000001896	-9.840000000001922	20	546.0951300392427
-11.040000000001896	-9.760000000001924	20	512.2399621965095
-11.040000000001896	-9.680000000001925	20	468.3393740813118
-11.040000000001896	-9.600000000001927	20	417.37837789115395
-11.040000000001896	-9.520000000001929	20	362.5611651146852
-11.040000000001896	-9.44000000000193	20	306.9832517112866
-11.040000000001896	-9.360000000001932	20	253.3553861493934
-11.040000000001896	-9.280000000001934	20	203.8110198913584
-11.040000000001896	-9.200000000001936	20	159.81121165485197
-11.040000000001896	-9.120000000001937	20	122.14308573754697
-11.040000000001896	-9.040000000001939	20	90.9939655258945
-11.040000000001896	-8.96000000000194	20	66.0751804461864
-11.040000000001896	-8.880000000001942	20	46.76771860004295
-11.040000000001896	-8.800000000001944	20	32.26532716972273
-11.040000000001896	-8.720000000001946	20	21.697416353739474
-11.040000000001896	-8.640000000001947	20	14.222044514326898
-10.960000000001898	-11.440000000001888	20	12.51331392401493
-10.960000000001898	-11.36000000000189	20	19.5855723659044
-10.960000000001898	-11.280000000001891	20	29.880114474522635
-10.960000000001898	-11.200000000001893	20	44.433477870016794
-10.960000000001898	-11.120000000001895	20	64.40512375770187
-10.960000000001898	-11.040000000001896	20	90.99396552455389
-10.960000000001898	-10.960000000001898	20	125.3103163109672
-10.960000000001898	-10.8800000000019	20	168.20663458867236
-10.960000000001898	-10.800000000001901	20	220.0804566194966
-10.960000000001898	-10.720000000001903	20	280.6738141670846
-10.960000000001898	-10.640000000001905	20	348.90273650716944
-10.960000000001898	-10.560000000001907	20	422.7551591143667
-10.960000000001898	-10.480000000001908	20	499.2930467460476
-10.960000000001898	-10.40000000000191	20	574.7833524242295
-10.960000000001898	-10.320000000001912	20	644.9631551763181
-10.960000000001898	-10.240000000001913	20	705.4198739410393
-10.960000000001898	-10.160000000001915	20	752.0427655443008
-10.960000000001898	-10.080000000001917	20	781.4828396572356
-10.960000000001898	-10.000000000001918	20	791.5501131039248
-10.960000000001898	-9.92000000000192	20	781.4828396581952
-10.960000000001898	-9.840000000001922	20	752.0427655461476
-10.960000000001898	-9.760000000001924	20	705.4198739436378
-10.960000000001898	-9.680000000001925	20	644.9631551794859
-10.960000000001898	-9.600000000001927	20	574.7833524277581
-10.960000000001898	-9.520000000001929	20	499.2930467497259
-10.960000000001898	-9.44000000000193	20	422.75515911800005
-10.960000000001898	-9.360000000001932	20	348.9027365105967
-10.960000000001898	-9.280000000001934	20	280.6738141701861
-10.960000000001898	-9.200000000001936	20	220.08045662219877
-10.960000000001898	-9.120000000001937	20	168.20663459094416
-10.960000000001898	-9.040000000001939	20	125.31031631281353
-10.960000000001898	-8.96000000000194	20	90.99396552600619
-10.960000000001898	-8.880000000001942	20	64.40512375880898
-10.960000000001898	-8.800000000001944	20	44.43347787083514
-10.960000000001898	-8.720000000001946	20	29.880114475109625
-10.960000000001898	-8.640000000001947	20	19.585572366313215
-10.960000000001898	-8.56000000000195	20	12.513313924291491
-10.8800000000019	-11.520000000001886	20	10.460363310992625
-10.8800000000019	-11.440000000001888	20	16.79688061345921
-10.8800000000019	-11.36000000000189	20	26.29011968963766
-10.8800000000019	-11.280000000001891	20	40.10869691216194
-10.8800000000019	-11.200000000001893	20	59.64397821036902
-10.8800000000019	-11.120000000001895	20	86.45233238950689
-10.8800000000019	-11.040000000001896	20	122.1430857358973
-10.8800000000019	-10.960000000001898	20	168.20663458867236
-10.8800000000019	-10.8800000000019	20	225.7872516212848
-10.8800000000019	-10.800000000001901	20	295.4185579967602
-10.8800000000019	-10.720000000001903	20	376.7542776051535
-10.8800000000019	-10.640000000001905	20	468.33937407843666
-10.8800000000019	-10.560000000001907	20	567.4730115049811
-10.8800000000019	-10.480000000001908	20	670.2114042890419
-10.8800000000019	-10.40000000000191	20	771.5436061062181
-10.8800000000019	-10.320000000001912	20	865.7474097877229
-10.8800000000019	-10.240000000001913	20	946.8997163260922
-10.8800000000019	-10.160000000001915	20	1009.4825899652895
-10.8800000000019	-10.080000000001917	20	1049.0006115804374
-10.8800000000019	-10.000000000001918	20	1062.5141213680051
-10.8800000000019	-9.92000000000192	20	1049.0006115817255
-10.8800000000019	-9.840000000001922	20	1009.4825899677681
-10.8800000000019	-9.760000000001924	20	946.89971632958
-10.8800000000019	-9.680000000001925	20	865.7474097919751
-10.8800000000019	-9.600000000001927	20	771.5436061109547
-10.8800000000019	-9.520000000001929	20	670.2114042939791
-10.8800000000019	-9.44000000000193	20	567.4730115098586
-10.8800000000019	-9.360000000001932	20	468.33937408303706
-10.8800000000019	-9.280000000001934	20	376.7542776093168
-10.8800000000019	-9.200000000001936	20	295.41855800038746
-10.8800000000019	-9.120000000001937	20	225.78725162433432
-10.8800000000019	-9.040000000001939	20	168.20663459115062
-10.8800000000019	-8.96000000000194	20	122.14308573784687
-10.8800000000019	-8.880000000001942	20	86.45233239099292
-10.8800000000019	-8.800000000001944	20	59.643978211467505
-10.8800000000019	-8.720000000001946	20	40.10869691294987
-10.8800000000019	-8.640000000001947	20	26.290119690186394
-10.8800000000019	-8.56000000000195	20	16.796880613830428
-10.8800000000019	-8.48000000000195	20	10.460363311236653
-10.800000000001901	-11.520000000001886	20	13.686270696269672
-10.800000000001901	-11.440000000001888	20	21.976928343123873
-10.800000000001901	-11.36000000000189	20	34.39782003858199
-10.800000000001901	-11.280000000001891	20	52.477955774023
-10.800000000001901	-11.200000000001893	20	78.03778959873031
-10.800000000001901	-11.120000000001895	20	113.1136642417818
-10.800000000001901	-11.040000000001896	20	159.81121165288977
-10.800000000001901	-10.960000000001898	20	220.0804566194966
-10.800000000001901	-10.8800000000019	20	295.4185579967602
-10.800000000001901	-10.800000000001901	20	386.5237022117951
-10.800000000001901	-10.720000000001903	20	492.9428238752399
-10.800000000001901	-10.640000000001905	20	612.7721629537488
-10.800000000001901	-10.560000000001907	20	742.4779634683186
-10.800000000001901	-10.480000000001908	20	876.9002022317353
-10.800000000001901	-10.40000000000191	20	1009.48258996405
-10.800000000001901	-10.320000000001912	20	1132.738228365101
-10.800000000001901	-10.240000000001913	20	1238.9173735716145
-10.800000000001901	-10.160000000001915	20	1320.8003946590732
-10.800000000001901	-10.080000000001917	20	1372.5055147515634
-10.800000000001901	-10.000000000001918	20	1390.186502257512
-10.800000000001901	-9.92000000000192	20	1372.5055147532487
-10.800000000001901	-9.840000000001922	20	1320.8003946623169
-10.800000000001901	-9.760000000001924	20	1238.9173735761776
-10.800000000001901	-9.680000000001925	20	1132.738228370664
-10.800000000001901	-9.600000000001927	20	1009.4825899702473
-10.800000000001901	-9.520000000001929	20	876.9002022381954
-10.800000000001901	-9.44000000000193	20	742.4779634747002
-10.800000000001901	-9.360000000001932	20	612.7721629597677
-10.800000000001901	-9.280000000001934	20	492.94282388068734
-10.800000000001901	-9.200000000001936	20	386.523702216541
-10.800000000001901	-9.120000000001937	20	295.41855800075007
-10.800000000001901	-9.040000000001939	20	220.08045662273923
-10.800000000001901	-8.96000000000194	20	159.81121165544062
-10.800000000001901	-8.880000000001942	20	113.1136642437262
-10.800000000001901	-8.800000000001944	20	78.03778960016756
-10.800000000001901	-8.720000000001946	20	52.47795577505393
-10.800000000001901	-8.640000000001947	20	34.39782003929997
-10.800000000001901	-8.56000000000195	20	21.97692834360958
-10.800000000001901	-8.48000000000195	20	13.686270696588958
-10.720000000001903	-11.600000000001884	20	10.595116542233978
-10.720000000001903	-11.520000000001886	20	17.454424881927043
-10.720000000001903	-11.440000000001888	20	28.027696763670026
-10.720000000001903	-11.36000000000189	20	43.868353862759555
-10.720000000001903	-11.280000000001891	20	66.92637880269544
-10.720000000001903	-11.200000000001893	20	99.52343971056494
-10.720000000001903	-11.120000000001895	20	144.25653265544597
-10.720000000001903	-11.040000000001896	20	203.8110198891062
-10.720000000001903	-10.960000000001898	20	280.6738141670846
-10.720000000001903	-10.8800000000019	20	376.7542776051535
-10.720000000001903	-10.800000000001901	20	492.9428238752399
-10.720000000001903	-10.720000000001903	20	628.6616479652482
-10.720000000001903	-10.640000000001905	20	781.4828396553165
-10.720000000001903	-10.560000000001907	20	946.8997163249297
-10.720000000001903	-10.480000000001908	20	1118.331578300012
-10.720000000001903	-10.40000000000191	20	1287.4170347180966
-10.720000000001903	-10.320000000001912	20	1444.6078670119132
-10.720000000001903	-10.240000000001913	20	1580.0206434477507
-10.720000000001903	-10.160000000001915	20	1684.447997866939
-10.720000000001903	-10.080000000001917	20	1750.3887610370964
-10.720000000001903	-10.000000000001918	20	1772.9377427947777
-10.720000000001903	-9.92000000000192	20	1750.3887610392458
-10.720000000001903	-9.840000000001922	20	1684.4479978710751
-10.720000000001903	-9.760000000001924	20	1580.02064345357
-10.720000000001903	-9.680000000001925	20	1444.6078670190082
-10.720000000001903	-9.600000000001927	20	1287.4170347260003
-10.720000000001903	-9.520000000001929	20	1118.3315783082508
-10.720000000001903	-9.44000000000193	20	946.8997163330679
-10.720000000001903	-9.360000000001932	20	781.4828396629929
-10.720000000001903	-9.280000000001934	20	628.661647972195
-10.720000000001903	-9.200000000001936	20	492.9428238812924
-10.720000000001903	-9.120000000001937	20	376.754277610242
-10.720000000001903	-9.040000000001939	20	280.67381417122004
-10.720000000001903	-8.96000000000194	20	203.81101989235933
-10.720000000001903	-8.880000000001942	20	144.25653265792565
-10.720000000001903	-8.800000000001944	20	99.52343971239789
-10.720000000001903	-8.720000000001946	20	66.92637880401018
-10.720000000001903	-8.640000000001947	20	43.868353863675225
-10.720000000001903	-8.56000000000195	20	28.027696764289423
-10.720000000001903	-8.48000000000195	20	17.454424882334237
-10.720000000001903	-8.400000000001953	20	10.595116542494157
-10.640000000001905	-11.600000000001884	20	13.170680585817651
-10.640000000001905	-11.520000000001886	20	21.697416353339865
-10.640000000001905	-11.440000000001888	20	34.840942065996295
-10.640000000001905	-11.36000000000189	20	54.53230025822847
-10.640000000001905	-11.280000000001891	20	83.19549430740689
-10.640000000001905	-11.200000000001893	20	123.7165660240441
-10.640000000001905	-11.120000000001895	20	179.32381455634723
-10.640000000001905	-11.040000000001896	20	253.35538614690472
-10.640000000001905	-10.960000000001898	20	348.90273650716944
-10.640000000001905	-10.8800000000019	20	468.33937407843666
-10.640000000001905	-10.800000000001901	20	612.7721629537488
-10.640000000001905	-10.720000000001903	20	781.4828396553165
-10.640000000001905	-10.640000000001905	20	971.4532939179666
-10.640000000001905	-10.560000000001907	20	1177.0813148495508
-10.640000000001905	-10.480000000001908	20	1390.1865022540983
-10.640000000001905	-10.40000000000191	20	1600.3748970030083
-10.640000000001905	-10.320000000001912	20	1795.777206633872
-10.640000000001905	-10.240000000001913	20	1964.107438638956
-10.640000000001905	-10.160000000001915	20	2093.9200106852004
-10.640000000001905	-10.080000000001917	20	2175.8902963198384
-10.640000000001905	-10.000000000001918	20	2203.9207040158753
-10.640000000001905	-9.92000000000192	20	2175.8902963225105
-10.640000000001905	-9.840000000001922	20	2093.920010690342
-10.640000000001905	-9.760000000001924	20	1964.1074386461908
-10.640000000001905	-9.680000000001925	20	1795.7772066426921
-10.640000000001905	-9.600000000001927	20	1600.3748970128331
-10.640000000001905	-9.520000000001929	20	1390.1865022643394
-10.640000000001905	-9.44000000000193	20	1177.0813148596678
-10.640000000001905	-9.360000000001932	20	971.4532939275086
-10.640000000001905	-9.280000000001934	20	781.4828396639522
-10.640000000001905	-9.200000000001936	20	612.7721629612724
-10.640000000001905	-9.120000000001937	20	468.33937408476214
-10.640000000001905	-9.040000000001939	20	348.9027365123102
-10.640000000001905	-8.96000000000194	20	253.35538615094865
-10.640000000001905	-8.880000000001942	20	179.32381455942974
-10.640000000001905	-8.800000000001944	20	123.71656602632261
-10.640000000001905	-8.720000000001946	20	83.19549430904125
-10.640000000001905	-8.640000000001947	20	54.53230025936672
-10.640000000001905	-8.56000000000195	20	34.840942066766296
-10.640000000001905	-8.48000000000195	20	21.69741635384604
-10.640000000001905	-8.400000000001953	20	13.170680586141076
-10.560000000001907	-11.600000000001884	20	15.958525354206925
-10.560000000001907	-11.520000000001886	20	26.290119689669933
-10.560000000001907	-11.440000000001888	20	42.21574228467546
-10.560000000001907	-11.36000000000189	20	66.07518044521284
-10.560000000001907	-11.280000000001891	20	100.80552759666722
-10.560000000001907	-11.200000000001893	20	149.9037155115666
-10.560000000001907	-11.120000000001895	20	217.2813790877389
-10.560000000001907	-11.040000000001896	20	306.983251708648
-10.560000000001907	-10.960000000001898	20	422.7551591143667
-10.560000000001907	-10.8800000000019	20	567.4730115049811
-10.560000000001907	-10.800000000001901	20	742.4779634683186
-10.560000000001907	-10.720000000001903	20	946.8997163249297
-10.560000000001907	-10.640000000001905	20	1177.0813148495508
-10.560000000001907	-10.560000000001907	20	1426.234725274344
-10.560000000001907	-10.480000000001908	20	1684.4479978648703
-10.560000000001907	-10.40000000000191	20	1939.127078790459
-10.560000000001907	-10.320000000001912	20	2175.8902963171668
-10.560000000001907	-10.240000000001913	20	2379.851075551712
-10.560000000001907	-10.160000000001915	20	2537.141141831624
-10.560000000001907	-10.080000000001917	20	2636.4621202023663
-10.560000000001907	-10.000000000001918	20	2670.4257387861803
-10.560000000001907	-9.92000000000192	20	2636.4621202056032
-10.560000000001907	-9.840000000001922	20	2537.1411418378534
-10.560000000001907	-9.760000000001924	20	2379.8510755604784
-10.560000000001907	-9.680000000001925	20	2175.8902963278533
-10.560000000001907	-9.600000000001927	20	1939.1270788023633
-10.560000000001907	-9.520000000001929	20	1684.4479978772795
-10.560000000001907	-9.44000000000193	20	1426.2347252866018
-10.560000000001907	-9.360000000001932	20	1177.0813148611128
-10.560000000001907	-9.280000000001934	20	946.8997163353931
-10.560000000001907	-9.200000000001936	20	742.4779634774349
-10.560000000001907	-9.120000000001937	20	567.4730115126454
-10.560000000001907	-9.040000000001939	20	422.75515912059535
-10.560000000001907	-8.96000000000194	20	306.98325171354793
-10.560000000001907	-8.880000000001942	20	217.28137909147384
-10.560000000001907	-8.800000000001944	20	149.90371551432742
-10.560000000001907	-8.720000000001946	20	100.80552759864753
-10.560000000001907	-8.640000000001947	20	66.07518044659203
-10.560000000001907	-8.56000000000195	20	42.21574228560844
-10.560000000001907	-8.48000000000195	20	26.29011969028325
-10.560000000001907	-8.400000000001953	20	15.958525354598807
-10.480000000001908	-11.680000000001883	20	11.151713814153482
-10.480000000001908	-11.600000000001884	20	18.84774336608503
-10.480000000001908	-11.520000000001886	20	31.049825593311084
-10.480000000001908	-11.440000000001888	20	49.8587093061575
-10.480000000001908	-11.36000000000189	20	78.0377895988261
-10.480000000001908	-11.280000000001891	20	119.05590722540833
-10.480000000001908	-11.200000000001893	20	177.0430974588652
-10.480000000001908	-11.120000000001895	20	256.61917880120166
-10.480000000001908	-11.040000000001896	20	362.5611651120143
-10.480000000001908	-10.960000000001898	20	499.2930467460476
-10.480000000001908	-10.8800000000019	20	670.2114042890419
-10.480000000001908	-10.800000000001901	20	876.9002022317353
-10.480000000001908	-10.720000000001903	20	1118.331578300012
-10.480000000001908	-10.640000000001905	20	1390.1865022540983
-10.480000000001908	-10.560000000001907	20	1684.4479978648703
-10.480000000001908	-10.480000000001908	20	1989.4096022414456
-10.480000000001908	-10.40000000000191	20	2290.197165719578
-10.480000000001908	-10.320000000001912	20	2569.8252806879564
-10.480000000001908	-10.240000000001913	20	2810.7122259686516
-10.480000000001908	-10.160000000001915	20	2996.478939213041
-10.480000000001908	-10.080000000001917	20	3113.781526366355
-10.480000000001908	-10.000000000001918	20	3153.8941027255855
-10.480000000001908	-9.92000000000192	20	3113.781526370179
-10.480000000001908	-9.840000000001922	20	2996.4789392203993
-10.480000000001908	-9.760000000001924	20	2810.7122259790044
-10.480000000001908	-9.680000000001925	20	2569.8252807005774
-10.480000000001908	-9.600000000001927	20	2290.197165733638
-10.480000000001908	-9.520000000001929	20	1989.4096022561014
-10.480000000001908	-9.44000000000193	20	1684.447997879348
-10.480000000001908	-9.360000000001932	20	1390.186502267753
-10.480000000001908	-9.280000000001934	20	1118.3315783123699
-10.480000000001908	-9.200000000001936	20	876.9002022425021
-10.480000000001908	-9.120000000001937	20	670.2114042980936
-10.480000000001908	-9.040000000001939	20	499.29304675340416
-10.480000000001908	-8.96000000000194	20	362.56116511780135
-10.480000000001908	-8.880000000001942	20	256.6191788056129
-10.480000000001908	-8.800000000001944	20	177.04309746212581
-10.480000000001908	-8.720000000001946	20	119.05590722774716
-10.480000000001908	-8.640000000001947	20	78.03778960045499
-10.480000000001908	-8.56000000000195	20	49.8587093072594
-10.480000000001908	-8.48000000000195	20	31.04982559403544
-10.480000000001908	-8.400000000001953	20	18.847743366547864
-10.480000000001908	-8.320000000001954	20	11.151713814441015
-10.40000000000191	-11.680000000001883	20	12.837790338055552
-10.40000000000191	-11.600000000001884	20	21.697416353366513
-10.40000000000191	-11.520000000001886	20	35.744384911869915
-10.40000000000191	-11.440000000001888	20	57.397066250583016
-10.40000000000191	-11.36000000000189	20	89.83666528847972
-10.40000000000191	-11.280000000001891	20	137.05649202788527
-10.40000000000191	-11.200000000001893	20	203.8110198893564
-10.40000000000191	-11.120000000001895	20	295.41855799712283
-10.40000000000191	-11.040000000001896	20	417.3783778885917
-10.40000000000191	-10.960000000001898	20	574.7833524242295
-10.40000000000191	-10.8800000000019	20	771.5436061062181
-10.40000000000191	-10.800000000001901	20	1009.48258996405
-10.40000000000191	-10.720000000001903	20	1287.4170347180966
-10.40000000000191	-10.640000000001905	20	1600.3748970030083
-10.40000000000191	-10.560000000001907	20	1939.127078790459
-10.40000000000191	-10.480000000001908	20	2290.197165719578
-10.40000000000191	-10.40000000000191	20	2636.4621201991295
-10.40000000000191	-10.320000000001912	20	2958.368436341643
-10.40000000000191	-10.240000000001913	20	3235.6761354294154
-10.40000000000191	-10.160000000001915	20	3449.529732837411
-10.40000000000191	-10.080000000001917	20	3584.5678126412954
-10.40000000000191	-10.000000000001918	20	3630.74518535736
-10.40000000000191	-9.92000000000192	20	3584.5678126456974
-10.40000000000191	-9.840000000001922	20	3449.529732845882
-10.40000000000191	-9.760000000001924	20	3235.676135441334
-10.40000000000191	-9.680000000001925	20	2958.368436356173
-10.40000000000191	-9.600000000001927	20	2636.462120215315
-10.40000000000191	-9.520000000001929	20	2290.1971657364497
-10.40000000000191	-9.44000000000193	20	1939.1270788071258
-10.40000000000191	-9.360000000001932	20	1600.3748970187282
-10.40000000000191	-9.280000000001934	20	1287.4170347323231
-10.40000000000191	-9.200000000001936	20	1009.4825899764446
-10.40000000000191	-9.120000000001937	20	771.5436061166387
-10.40000000000191	-9.040000000001939	20	574.7833524326983
-10.40000000000191	-8.96000000000194	20	417.3783778952536
-10.40000000000191	-8.880000000001942	20	295.4185580022009
-10.40000000000191	-8.800000000001944	20	203.81101989311003
-10.40000000000191	-8.720000000001946	20	137.05649203057772
-10.40000000000191	-8.640000000001947	20	89.83666529035489
-10.40000000000191	-8.56000000000195	20	57.39706625185152
-10.40000000000191	-8.48000000000195	20	35.744384912703794
-10.40000000000191	-8.400000000001953	20	21.697416353899328
-10.40000000000191	-8.320000000001954	20	12.83779033838656
-10.320000000001912	-11.680000000001883	20	14.405256740653172
-10.320000000001912	-11.600000000001884	20	24.34662390867743
-10.320000000001912	-11.520000000001886	20	40.10869691226045
-10.320000000001912	-11.440000000001888	20	64.40512375786005
-10.320000000001912	-11.36000000000189	20	100.80552759679095
-10.320000000001912	-11.280000000001891	20	153.79079293594464
-10.320000000001912	-11.200000000001893	20	228.69590410566218
-10.320000000001912	-11.120000000001895	20	331.4885242585023
-10.320000000001912	-11.040000000001896	20	468.3393740790117
-10.320000000001912	-10.960000000001898	20	644.9631551763181
-10.320000000001912	-10.8800000000019	20	865.7474097877229
-10.320000000001912	-10.800000000001901	20	1132.738228365101
-10.320000000001912	-10.720000000001903	20	1444.6078670119132
-10.320000000001912	-10.640000000001905	20	1795.777206633872
-10.320000000001912	-10.560000000001907	20	2175.8902963171668
-10.320000000001912	-10.480000000001908	20	2569.8252806879564
-10.320000000001912	-10.40000000000191	20	2958.368436341643
-10.320000000001912	-10.320000000001912	20	3319.5788166611223
-10.320000000001912	-10.240000000001913	20	3630.7451853529014
-10.320000000001912	-10.160000000001915	20	3870.709843947026
-10.320000000001912	-10.080000000001917	20	4022.2357808968904
-10.320000000001912	-10.000000000001918	20	4074.0513108336786
-10.320000000001912	-9.92000000000192	20	4022.2357809018285
-10.320000000001912	-9.840000000001922	20	3870.709843956531
-10.320000000001912	-9.760000000001924	20	3630.745185366275
-10.320000000001912	-9.680000000001925	20	3319.578816677426
-10.320000000001912	-9.600000000001927	20	2958.3684363598045
-10.320000000001912	-9.520000000001929	20	2569.825280706888
-10.320000000001912	-9.44000000000193	20	2175.8902963358682
-10.320000000001912	-9.360000000001932	20	1795.7772066515113
-10.320000000001912	-9.280000000001934	20	1444.6078670278764
-10.320000000001912	-9.200000000001936	20	1132.7382283790087
-10.320000000001912	-9.120000000001937	20	865.7474097994158
-10.320000000001912	-9.040000000001939	20	644.9631551858209
-10.320000000001912	-8.96000000000194	20	468.3393740864871
-10.320000000001912	-8.880000000001942	20	331.4885242642004
-10.320000000001912	-8.800000000001944	20	228.6959041098741
-10.320000000001912	-8.720000000001946	20	153.7907929389658
-10.320000000001912	-8.640000000001947	20	100.80552759889508
-10.320000000001912	-8.56000000000195	20	64.40512375928343
-10.320000000001912	-8.48000000000195	20	40.10869691319613
-10.320000000001912	-8.400000000001953	20	24.34662390927529
-10.320000000001912	-8.320000000001954	20	14.405256741024594
-10.240000000001913	-11.680000000001883	20	15.755557991993939
-10.240000000001913	-11.600000000001884	20	26.62879612689501
-10.240000000001913	-11.520000000001886	20	43.868353862867295
-10.240000000001913	-11.440000000001888	20	70.44224761956585
-10.240000000001913	-11.36000000000189	20	110.25470524816001
-10.240000000001913	-11.280000000001891	20	168.2066345890854
-10.240000000001913	-11.200000000001893	20	250.13310380644182
-10.240000000001913	-11.120000000001895	20	362.5611651124594
-10.240000000001913	-11.040000000001896	20	512.2399621946226
-10.240000000001913	-10.960000000001898	20	705.4198739410393
-10.240000000001913	-10.8800000000019	20	946.8997163260922
-10.240000000001913	-10.800000000001901	20	1238.9173735716145
-10.240000000001913	-10.720000000001903	20	1580.0206434477507
-10.240000000001913	-10.640000000001905	20	1964.107438638956
-10.240000000001913	-10.560000000001907	20	2379.851075551712
-10.240000000001913	-10.480000000001908	20	2810.7122259686516
-10.240000000001913	-10.40000000000191	20	3235.6761354294154
-10.240000000001913	-10.320000000001912	20	3630.7451853529014
-10.240000000001913	-10.240000000001913	20	3971.079263068145
-10.240000000001913	-10.160000000001915	20	4233.537417238977
-10.240000000001913	-10.080000000001917	20	4399.26689571244
-10.240000000001913	-10.000000000001918	20	4455.9394425127375
-10.240000000001913	-9.92000000000192	20	4399.266895717842
-10.240000000001913	-9.840000000001922	20	4233.537417249373
-10.240000000001913	-9.760000000001924	20	3971.0792630827723
-10.240000000001913	-9.680000000001925	20	3630.745185370733
-10.240000000001913	-9.600000000001927	20	3235.6761354492796
-10.240000000001913	-9.520000000001929	20	2810.712225989358
-10.240000000001913	-9.44000000000193	20	2379.8510755721663
-10.240000000001913	-9.360000000001932	20	1964.1074386582486
-10.240000000001913	-9.280000000001934	20	1580.0206434652102
-10.240000000001913	-9.200000000001936	20	1238.917373586826
-10.240000000001913	-9.120000000001937	20	946.899716338881
-10.240000000001913	-9.040000000001939	20	705.4198739514328
-10.240000000001913	-8.96000000000194	20	512.2399622027987
-10.240000000001913	-8.880000000001942	20	362.5611651186916
-10.240000000001913	-8.800000000001944	20	250.13310381104858
-10.240000000001913	-8.720000000001946	20	168.2066345923898
-10.240000000001913	-8.640000000001947	20	110.25470525046136
-10.240000000001913	-8.56000000000195	20	70.44224762112265
-10.240000000001913	-8.48000000000195	20	43.8683538638907
-10.240000000001913	-8.400000000001953	20	26.628796127548917
-10.240000000001913	-8.320000000001954	20	15.75555799240018
-10.160000000001915	-11.680000000001883	20	16.79688061352109
-10.160000000001915	-11.600000000001884	20	28.388757139069934
-10.160000000001915	-11.520000000001886	20	46.76771859941132
-10.160000000001915	-11.440000000001888	20	75.09794473894077
-10.160000000001915	-11.36000000000189	20	117.54170319282545
-10.160000000001915	-11.280000000001891	20	179.32381455678768
-10.160000000001915	-11.200000000001893	20	266.6650006468331
-10.160000000001915	-11.120000000001895	20	386.52370221274424
-10.160000000001915	-11.040000000001896	20	546.0951300379016
-10.160000000001915	-10.960000000001898	20	752.0427655443008
-10.160000000001915	-10.8800000000019	20	1009.4825899652895
-10.160000000001915	-10.800000000001901	20	1320.8003946590732
-10.160000000001915	-10.720000000001903	20	1684.447997866939
-10.160000000001915	-10.640000000001905	20	2093.9200106852004
-10.160000000001915	-10.560000000001907	20	2537.141141831624
-10.160000000001915	-10.480000000001908	20	2996.478939213041
-10.160000000001915	-10.40000000000191	20	3449.529732837411
-10.160000000001915	-10.320000000001912	20	3870.709843947026
-10.160000000001915	-10.240000000001913	20	4233.537417238977
-10.160000000001915	-10.160000000001915	20	4513.342060393647
-10.160000000001915	-10.080000000001917	20	4690.024997645023
-10.160000000001915	-10.000000000001918	20	4750.443169007312
-10.160000000001915	-9.92000000000192	20	4690.024997650781
-10.160000000001915	-9.840000000001922	20	4513.34206040473
-10.160000000001915	-9.760000000001924	20	4233.537417254571
-10.160000000001915	-9.680000000001925	20	3870.7098439660363
-10.160000000001915	-9.600000000001927	20	3449.5297328585875
-10.160000000001915	-9.520000000001929	20	2996.4789392351163
-10.160000000001915	-9.44000000000193	20	2537.14114185343
-10.160000000001915	-9.360000000001932	20	2093.920010705768
-10.160000000001915	-9.280000000001934	20	1684.4479978855525
-10.160000000001915	-9.200000000001936	20	1320.8003946752901
-10.160000000001915	-9.120000000001937	20	1009.4825899789234
-10.160000000001915	-9.040000000001939	20	752.0427655553813
-10.160000000001915	-8.96000000000194	20	546.0951300466181
-10.160000000001915	-8.880000000001942	20	386.52370221938827
-10.160000000001915	-8.800000000001944	20	266.6650006517444
-10.160000000001915	-8.720000000001946	20	179.3238145603104
-10.160000000001915	-8.640000000001947	20	117.5417031952789
-10.160000000001915	-8.56000000000195	20	75.09794474060047
-10.160000000001915	-8.48000000000195	20	46.767718600502356
-10.160000000001915	-8.400000000001953	20	28.38875713976705
-10.160000000001915	-8.320000000001954	20	16.79688061395418
-10.080000000001917	-11.760000000001881	20	10.066299800627792
-10.080000000001917	-11.680000000001883	20	17.454424881991347
-10.080000000001917	-11.600000000001884	20	29.50008637783127
-10.080000000001917	-11.520000000001886	20	48.598525522556216
-10.080000000001917	-11.440000000001888	20	78.03778959901774
-10.080000000001917	-11.36000000000189	20	122.14308573634723
-10.080000000001917	-11.280000000001891	20	186.3437695814797
-10.080000000001917	-11.200000000001893	20	277.10408435597117
-10.080000000001917	-11.120000000001895	20	401.654871556968
-10.080000000001917	-11.040000000001896	20	567.4730115063747
-10.080000000001917	-10.960000000001898	20	781.4828396572356
-10.080000000001917	-10.8800000000019	20	1049.0006115804374
-10.080000000001917	-10.800000000001901	20	1372.5055147515634
-10.080000000001917	-10.720000000001903	20	1750.3887610370964
-10.080000000001917	-10.640000000001905	20	2175.8902963198384
-10.080000000001917	-10.560000000001907	20	2636.4621202023663
-10.080000000001917	-10.480000000001908	20	3113.781526366355
-10.080000000001917	-10.40000000000191	20	3584.5678126412954
-10.080000000001917	-10.320000000001912	20	4022.2357808968904
-10.080000000001917	-10.240000000001913	20	4399.26689571244
-10.080000000001917	-10.160000000001915	20	4690.024997645023
-10.080000000001917	-10.080000000001917	20	4873.624508002991
-10.080000000001917	-10.000000000001918	20	4936.407857948425
-10.080000000001917	-9.92000000000192	20	4873.624508008975
-10.080000000001917	-9.840000000001922	20	4690.02499765654
-10.080000000001917	-9.760000000001924	20	4399.266895728645
-10.080000000001917	-9.680000000001925	20	4022.2357809166447
-10.080000000001917	-9.600000000001927	20	3584.567812663302
-10.080000000001917	-9.520000000001929	20	3113.781526389295
-10.080000000001917	-9.44000000000193	20	2636.4621202250264
-10.080000000001917	-9.360000000001932	20	2175.8902963412115
-10.080000000001917	-9.280000000001934	20	1750.3887610564386
-10.080000000001917	-9.200000000001936	20	1372.5055147684154
-10.080000000001917	-9.120000000001937	20	1049.0006115946053
-10.080000000001917	-9.040000000001939	20	781.4828396687499
-10.080000000001917	-8.96000000000194	20	567.4730115154324
-10.080000000001917	-8.880000000001942	20	401.65487156387223
-10.080000000001917	-8.800000000001944	20	277.1040843610747
-10.080000000001917	-8.720000000001946	20	186.3437695851404
-10.080000000001917	-8.640000000001947	20	122.14308573889673
-10.080000000001917	-8.56000000000195	20	78.03778960074243
-10.080000000001917	-8.48000000000195	20	48.598525523689965
-10.080000000001917	-8.400000000001953	20	29.50008637855569
-10.080000000001917	-8.320000000001954	20	17.45442488244139
-10.080000000001917	-8.240000000001956	20	10.066299800899703
-10.000000000001918	-11.760000000001881	20	10.195976599076392
-10.000000000001918	-11.680000000001883	20	17.67927750731421
-10.000000000001918	-11.600000000001884	20	29.88011447466937
-10.000000000001918	-11.520000000001886	20	49.224584881397746
-10.000000000001918	-11.440000000001888	20	79.04309352534973
-10.000000000001918	-11.36000000000189	20	123.71656602449984
-10.000000000001918	-11.280000000001891	20	188.74430045466738
-10.000000000001918	-11.200000000001893	20	280.67381416811844
-10.000000000001918	-11.120000000001895	20	406.82909831917334
-10.000000000001918	-11.040000000001896	20	574.783352425641
-10.000000000001918	-10.960000000001898	20	791.5501131039248
-10.000000000001918	-10.8800000000019	20	1062.5141213680051
-10.000000000001918	-10.800000000001901	20	1390.186502257512
-10.000000000001918	-10.720000000001903	20	1772.9377427947777
-10.000000000001918	-10.640000000001905	20	2203.9207040158753
-10.000000000001918	-10.560000000001907	20	2670.4257387861803
-10.000000000001918	-10.480000000001908	20	3153.8941027255855
-10.000000000001918	-10.40000000000191	20	3630.74518535736
-10.000000000001918	-10.320000000001912	20	4074.0513108336786
-10.000000000001918	-10.240000000001913	20	4455.9394425127375
-10.000000000001918	-10.160000000001915	20	4750.443169007312
-10.000000000001918	-10.080000000001917	20	4936.407857948425
-10.000000000001918	-10.000000000001918	20	5000.0
-10.000000000001918	-9.92000000000192	20	4936.407857954485
-10.000000000001918	-9.840000000001922	20	4750.443169018978
-10.000000000001918	-9.760000000001924	20	4455.939442529151
-10.000000000001918	-9.680000000001925	20	4074.0513108536866
-10.000000000001918	-9.600000000001927	20	3630.7451853796492
-10.000000000001918	-9.520000000001929	20	3153.8941027488204
-10.000000000001918	-9.44000000000193	20	2670.425738809133
-10.000000000001918	-9.360000000001932	20	2203.9207040375236
-10.000000000001918	-9.280000000001934	20	1772.937742814369
-10.000000000001918	-9.200000000001936	20	1390.186502274581
-10.000000000001918	-9.120000000001937	20	1062.5141213823556
-10.000000000001918	-9.040000000001939	20	791.5501131155872
-10.000000000001918	-8.96000000000194	20	574.7833524348154
-10.000000000001918	-8.880000000001942	20	406.82909832616656
-10.000000000001918	-8.800000000001944	20	280.67381417328767
-10.000000000001918	-8.720000000001946	20	188.74430045837522
-10.000000000001918	-8.640000000001947	20	123.71656602708218
-10.000000000001918	-8.56000000000195	20	79.04309352709664
-10.000000000001918	-8.48000000000195	20	49.2245848825461
-10.000000000001918	-8.400000000001953	20	29.88011447540312
-10.000000000001918	-8.320000000001954	20	17.679277507770053
-10.000000000001918	-8.240000000001956	20	10.195976599351807
-9.92000000000192	-11.760000000001881	20	10.066299800640147
-9.92000000000192	-11.680000000001883	20	17.45442488201277
-9.92000000000192	-11.600000000001884	20	29.500086377867483
-9.92000000000192	-11.520000000001886	20	48.59852552261588
-9.92000000000192	-11.440000000001888	20	78.03778959911354
-9.92000000000192	-11.36000000000189	20	122.14308573649717
-9.92000000000192	-11.280000000001891	20	186.34376958170844
-9.92000000000192	-11.200000000001893	20	277.10408435631126
-9.92000000000192	-11.120000000001895	20	401.65487155746104
-9.92000000000192	-11.040000000001896	20	567.4730115070713
-9.92000000000192	-10.960000000001898	20	781.4828396581952
-9.92000000000192	-10.8800000000019	20	1049.0006115817255
-9.92000000000192	-10.800000000001901	20	1372.5055147532487
-9.92000000000192	-10.720000000001903	20	1750.3887610392458
-9.92000000000192	-10.640000000001905	20	2175.8902963225105
-9.92000000000192	-10.560000000001907	20	2636.4621202056032
-9.92000000000192	-10.480000000001908	20	3113.781526370179
-9.92000000000192	-10.40000000000191	20	3584.5678126456974
-9.92000000000192	-10.320000000001912	20	4022.2357809018285
-9.92000000000192	-10.240000000001913	20	4399.266895717842
-9.92000000000192	-10.160000000001915	20	4690.024997650781
-9.92000000000192	-10.080000000001917	20	4873.624508008975
-9.92000000000192	-10.000000000001918	20	4936.407857954485
-9.92000000000192	-9.92000000000192	20	4873.624508014958
-9.92000000000192	-9.840000000001922	20	4690.024997662298
-9.92000000000192	-9.760000000001924	20	4399.266895734046
-9.92000000000192	-9.680000000001925	20	4022.235780921583
-9.92000000000192	-9.600000000001927	20	3584.567812667703
-9.92000000000192	-9.520000000001929	20	3113.781526393118
-9.92000000000192	-9.44000000000193	20	2636.4621202282638
-9.92000000000192	-9.360000000001932	20	2175.890296343883
-9.92000000000192	-9.280000000001934	20	1750.388761058588
-9.92000000000192	-9.200000000001936	20	1372.5055147701007
-9.92000000000192	-9.120000000001937	20	1049.0006115958934
-9.92000000000192	-9.040000000001939	20	781.4828396697093
-9.92000000000192	-8.96000000000194	20	567.473011516129
-9.92000000000192	-8.880000000001942	20	401.65487156436524
-9.92000000000192	-8.800000000001944	20	277.10408436141483
-9.92000000000192	-8.720000000001946	20	186.34376958536913
-9.92000000000192	-8.640000000001947	20	122.14308573904667
-9.92000000000192	-8.56000000000195	20	78.03778960083821
-9.92000000000192	-8.48000000000195	20	48.59852552374962
-9.92000000000192	-8.400000000001953	20	29.500086378591895
-9.92000000000192	-8.320000000001954	20	17.454424882462813
-9.92000000000192	-8.240000000001956	20	10.06629980091206
-9.840000000001922	-11.680000000001883	20	16.79688061356234
-9.840000000001922	-11.600000000001884	20	28.388757139139646
-9.840000000001922	-11.520000000001886	20	46.76771859952616
-9.840000000001922	-11.440000000001888	20	75.0979447391252
-9.840000000001922	-11.36000000000189	20	117.5417031931141
-9.840000000001922	-11.280000000001891	20	179.32381455722805
-9.840000000001922	-11.200000000001893	20	266.665000647488
-9.840000000001922	-11.120000000001895	20	386.52370221369347
-9.840000000001922	-11.040000000001896	20	546.0951300392427
-9.840000000001922	-10.960000000001898	20	752.0427655461476
-9.840000000001922	-10.8800000000019	20	1009.4825899677681
-9.840000000001922	-10.800000000001901	20	1320.8003946623169
-9.840000000001922	-10.720000000001903	20	1684.4479978710751
-9.840000000001922	-10.640000000001905	20	2093.920010690342
-9.840000000001922	-10.560000000001907	20	2537.1411418378534
-9.840000000001922	-10.480000000001908	20	2996.4789392203993
-9.840000000001922	-10.40000000000191	20	3449.529732845882
-9.840000000001922	-10.320000000001912	20	3870.709843956531
-9.840000000001922	-10.240000000001913	20	4233.537417249373
-9.840000000001922	-10.160000000001915	20	4513.34206040473
-9.840000000001922	-10.080000000001917	20	4690.02499765654
-9.840000000001922	-10.000000000001918	20	4750.443169018978
-9.840000000001922	-9.92000000000192	20	4690.024997662298
-9.840000000001922	-9.840000000001922	20	4513.342060415814
-9.840000000001922	-9.760000000001924	20	4233.537417264966
-9.840000000001922	-9.680000000001925	20	3870.709843975542
-9.840000000001922	-9.600000000001927	20	3449.5297328670586
-9.840000000001922	-9.520000000001929	20	2996.4789392424736
-9.840000000001922	-9.44000000000193	20	2537.14114185966
-9.840000000001922	-9.360000000001932	20	2093.9200107109095
-9.840000000001922	-9.280000000001934	20	1684.4479978896886
-9.840000000001922	-9.200000000001936	20	1320.8003946785338
-9.840000000001922	-9.120000000001937	20	1009.4825899814024
-9.840000000001922	-9.040000000001939	20	752.042765557228
-9.840000000001922	-8.96000000000194	20	546.0951300479593
-9.840000000001922	-8.880000000001942	20	386.5237022203375
-9.840000000001922	-8.800000000001944	20	266.6650006523992
-9.840000000001922	-8.720000000001946	20	179.3238145607508
-9.840000000001922	-8.640000000001947	20	117.54170319556758
-9.840000000001922	-8.56000000000195	20	75.09794474078491
-9.840000000001922	-8.48000000000195	20	46.76771860061721
-9.840000000001922	-8.400000000001953	20	28.38875713983677
-9.840000000001922	-8.320000000001954	20	16.796880613995427
-9.760000000001924	-11.680000000001883	20	15.755557992051973
-9.760000000001924	-11.600000000001884	20	26.628796126993095
-9.760000000001924	-11.520000000001886	20	43.86835386302888
-9.760000000001924	-11.440000000001888	20	70.44224761982528
-9.760000000001924	-11.36000000000189	20	110.25470524856615
-9.760000000001924	-11.280000000001891	20	168.20663458970503
-9.760000000001924	-11.200000000001893	20	250.13310380736326
-9.760000000001924	-11.120000000001895	20	362.5611651137949
-9.760000000001924	-11.040000000001896	20	512.2399621965095
-9.760000000001924	-10.960000000001898	20	705.4198739436378
-9.760000000001924	-10.8800000000019	20	946.89971632958
-9.760000000001924	-10.800000000001901	20	1238.9173735761776
-9.760000000001924	-10.720000000001903	20	1580.02064345357
-9.760000000001924	-10.640000000001905	20	1964.1074386461908
-9.760000000001924	-10.560000000001907	20	2379.8510755604784
-9.760000000001924	-10.480000000001908	20	2810.7122259790044
-9.760000000001924	-10.40000000000191	20	3235.676135441334
-9.760000000001924	-10.320000000001912	20	3630.745185366275
-9.760000000001924	-10.240000000001913	20	3971.0792630827723
-9.760000000001924	-10.160000000001915	20	4233.537417254571
-9.760000000001924	-10.080000000001917	20	4399.266895728645
-9.760000000001924	-10.000000000001918	20	4455.939442529151
-9.760000000001924	-9.92000000000192	20	4399.266895734046
-9.760000000001924	-9.840000000001922	20	4233.537417264966
-9.760000000001924	-9.760000000001924	20	3971.0792630973992
-9.760000000001924	-9.680000000001925	20	3630.745185384107
-9.760000000001924	-9.600000000001927	20	3235.676135461198
-9.760000000001924	-9.520000000001929	20	2810.712225999711
-9.760000000001924	-9.44000000000193	20	2379.8510755809325
-9.760000000001924	-9.360000000001932	20	1964.1074386654834
-9.760000000001924	-9.280000000001934	20	1580.0206434710299
-9.760000000001924	-9.200000000001936	20	1238.9173735913892
-9.760000000001924	-9.120000000001937	20	946.8997163423688
-9.760000000001924	-9.040000000001939	20	705.4198739540311
-9.760000000001924	-8.96000000000194	20	512.2399622046856
-9.760000000001924	-8.880000000001942	20	362.56116512002717
-9.760000000001924	-8.800000000001944	20	250.13310381197002
-9.760000000001924	-8.720000000001946	20	168.20663459300943
-9.760000000001924	-8.640000000001947	20	110.2547052508675
-9.760000000001924	-8.56000000000195	20	70.4422476213821
-9.760000000001924	-8.48000000000195	20	43.868353864052274
-9.760000000001924	-8.400000000001953	20	26.628796127646996
-9.760000000001924	-8.320000000001954	20	15.75555799245821
-9.680000000001925	-11.680000000001883	20	14.405256740723912
-9.680000000001925	-11.600000000001884	20	24.34662390879699
-9.680000000001925	-11.520000000001886	20	40.108696912457404
-9.680000000001925	-11.440000000001888	20	64.40512375817632
-9.680000000001925	-11.36000000000189	20	100.80552759728607
-9.680000000001925	-11.280000000001891	20	153.79079293669992
-9.680000000001925	-11.200000000001893	20	228.69590410678538
-9.680000000001925	-11.120000000001895	20	331.4885242601304
-9.680000000001925	-11.040000000001896	20	468.3393740813118
-9.680000000001925	-10.960000000001898	20	644.9631551794859
-9.680000000001925	-10.8800000000019	20	865.7474097919751
-9.680000000001925	-10.800000000001901	20	1132.738228370664
-9.680000000001925	-10.720000000001903	20	1444.6078670190082
-9.680000000001925	-10.640000000001905	20	1795.7772066426921
-9.680000000001925	-10.560000000001907	20	2175.8902963278533
-9.680000000001925	-10.480000000001908	20	2569.8252807005774
-9.680000000001925	-10.40000000000191	20	2958.368436356173
-9.680000000001925	-10.320000000001912	20	3319.578816677426
-9.680000000001925	-10.240000000001913	20	3630.745185370733
-9.680000000001925	-10.160000000001915	20	3870.7098439660363
-9.680000000001925	-10.080000000001917	20	4022.2357809166447
-9.680000000001925	-10.000000000001918	20	4074.0513108536866
-9.680000000001925	-9.92000000000192	20	4022.235780921583
-9.680000000001925	-9.840000000001922	20	3870.709843975542
-9.680000000001925	-9.760000000001924	20	3630.745185384107
-9.680000000001925	-9.680000000001925	20	3319.578816693729
-9.680000000001925	-9.600000000001927	20	2958.3684363743346
-9.680000000001925	-9.520000000001929	20	2569.825280719509
-9.680000000001925	-9.44000000000193	20	2175.890296346555
-9.680000000001925	-9.360000000001932	20	1795.7772066603306
-9.680000000001925	-9.280000000001934	20	1444.6078670349714
-9.680000000001925	-9.200000000001936	20	1132.7382283845718
-9.680000000001925	-9.120000000001937	20	865.7474098036678
-9.680000000001925	-9.040000000001939	20	644.9631551889884
-9.680000000001925	-8.96000000000194	20	468.3393740887872
-9.680000000001925	-8.880000000001942	20	331.48852426582835
-9.680000000001925	-8.800000000001944	20	228.6959041109973
-9.680000000001925	-8.720000000001946	20	153.79079293972111
-9.680000000001925	-8.640000000001947	20	100.8055275993902
-9.680000000001925	-8.56000000000195	20	64.4051237595997
-9.680000000001925	-8.48000000000195	20	40.108696913393096
-9.680000000001925	-8.400000000001953	20	24.346623909394857
-9.680000000001925	-8.320000000001954	20	14.405256741095334
-9.600000000001927	-11.680000000001883	20	12.837790338134363
-9.600000000001927	-11.600000000001884	20	21.69741635349972
-9.600000000001927	-11.520000000001886	20	35.74438491208935
-9.600000000001927	-11.440000000001888	20	57.39706625093538
-9.600000000001927	-11.36000000000189	20	89.83666528903123
-9.600000000001927	-11.280000000001891	20	137.05649202872667
-9.600000000001927	-11.200000000001893	20	203.81101989060764
-9.600000000001927	-11.120000000001895	20	295.4185579989365
-9.600000000001927	-11.040000000001896	20	417.37837789115395
-9.600000000001927	-10.960000000001898	20	574.7833524277581
-9.600000000001927	-10.8800000000019	20	771.5436061109547
-9.600000000001927	-10.800000000001901	20	1009.4825899702473
-9.600000000001927	-10.720000000001903	20	1287.4170347260003
-9.600000000001927	-10.640000000001905	20	1600.3748970128331
-9.600000000001927	-10.560000000001907	20	1939.1270788023633
-9.600000000001927	-10.480000000001908	20	2290.197165733638
-9.600000000001927	-10.40000000000191	20	2636.462120215315
-9.600000000001927	-10.320000000001912	20	2958.3684363598045
-9.600000000001927	-10.240000000001913	20	3235.6761354492796
-9.600000000001927	-10.160000000001915	20	3449.5297328585875
-9.600000000001927	-10.080000000001917	20	3584.567812663302
-9.600000000001927	-10.000000000001918	20	3630.7451853796492
-9.600000000001927	-9.92000000000192	20	3584.567812667703
-9.600000000001927	-9.840000000001922	20	3449.5297328670586
-9.600000000001927	-9.760000000001924	20	3235.676135461198
-9.600000000001927	-9.680000000001925	20	2958.3684363743346
-9.600000000001927	-9.600000000001927	20	2636.4621202315
-9.600000000001927	-9.520000000001929	20	2290.197165750509
-9.600000000001927	-9.44000000000193	20	1939.12707881903
-9.600000000001927	-9.360000000001932	20	1600.3748970285533
-9.600000000001927	-9.280000000001934	20	1287.4170347402267
-9.600000000001927	-9.200000000001936	20	1009.4825899826418
-9.600000000001927	-9.120000000001937	20	771.5436061213752
-9.600000000001927	-9.040000000001939	20	574.7833524362269
-9.600000000001927	-8.96000000000194	20	417.37837789781594
-9.600000000001927	-8.880000000001942	20	295.4185580040145
-9.600000000001927	-8.800000000001944	20	203.81101989436127
-9.600000000001927	-8.720000000001946	20	137.0564920314191
-9.600000000001927	-8.640000000001947	20	89.83666529090641
-9.600000000001927	-8.56000000000195	20	57.39706625220389
-9.600000000001927	-8.48000000000195	20	35.74438491292323
-9.600000000001927	-8.400000000001953	20	21.69741635403253
-9.600000000001927	-8.320000000001954	20	12.837790338465371
-9.520000000001929	-11.680000000001883	20	11.15171381423563
-9.520000000001929	-11.600000000001884	20	18.847743366223874
-9.520000000001929	-11.520000000001886	20	31.04982559353981
-9.520000000001929	-11.440000000001888	20	49.85870930652479
-9.520000000001929	-11.36000000000189	20	78.03778959940104
-9.520000000001929	-11.280000000001891	20	119.05590722628537
-9.520000000001929	-11.200000000001893	20	177.04309746016938
-9.520000000001929	-11.120000000001895	20	256.61917880309215
-9.520000000001929	-11.040000000001896	20	362.5611651146852
-9.520000000001929	-10.960000000001898	20	499.2930467497259
-9.520000000001929	-10.8800000000019	20	670.2114042939791
-9.520000000001929	-10.800000000001901	20	876.9002022381954
-9.520000000001929	-10.720000000001903	20	1118.3315783082508
-9.520000000001929	-10.640000000001905	20	1390.1865022643394
-9.520000000001929	-10.560000000001907	20	1684.4479978772795
-9.520000000001929	-10.480000000001908	20	1989.4096022561014
-9.520000000001929	-10.40000000000191	20	2290.1971657364497
-9.520000000001929	-10.320000000001912	20	2569.825280706888
-9.520000000001929	-10.240000000001913	20	2810.712225989358
-9.520000000001929	-10.160000000001915	20	2996.4789392351163
-9.520000000001929	-10.080000000001917	20	3113.781526389295
-9.520000000001929	-10.000000000001918	20	3153.8941027488204
-9.520000000001929	-9.92000000000192	20	3113.781526393118
-9.520000000001929	-9.840000000001922	20	2996.4789392424736
-9.520000000001929	-9.760000000001924	20	2810.712225999711
-9.520000000001929	-9.680000000001925	20	2569.825280719509
-9.520000000001929	-9.600000000001927	20	2290.197165750509
-9.520000000001929	-9.520000000001929	20	1989.4096022707572
-9.520000000001929	-9.44000000000193	20	1684.447997891757
-9.520000000001929	-9.360000000001932	20	1390.1865022779946
-9.520000000001929	-9.280000000001934	20	1118.3315783206087
-9.520000000001929	-9.200000000001936	20	876.9002022489623
-9.520000000001929	-9.120000000001937	20	670.211404303031
-9.520000000001929	-9.040000000001939	20	499.2930467570825
-9.520000000001929	-8.96000000000194	20	362.56116512047214
-9.520000000001929	-8.880000000001942	20	256.6191788075033
-9.520000000001929	-8.800000000001944	20	177.04309746343003
-9.520000000001929	-8.720000000001946	20	119.05590722862419
-9.520000000001929	-8.640000000001947	20	78.03778960102993
-9.520000000001929	-8.56000000000195	20	49.85870930762669
-9.520000000001929	-8.48000000000195	20	31.04982559426417
-9.520000000001929	-8.400000000001953	20	18.847743366686707
-9.520000000001929	-8.320000000001954	20	11.151713814523164
-9.44000000000193	-11.600000000001884	20	15.958525354344083
-9.44000000000193	-11.520000000001886	20	26.290119689895892
-9.44000000000193	-11.440000000001888	20	42.21574228503829
-9.44000000000193	-11.36000000000189	20	66.07518044578075
-9.44000000000193	-11.280000000001891	20	100.80552759753364
-9.44000000000193	-11.200000000001893	20	149.903715512855
-9.44000000000193	-11.120000000001895	20	217.28137908960633
-9.44000000000193	-11.040000000001896	20	306.9832517112866
-9.44000000000193	-10.960000000001898	20	422.75515911800005
-9.44000000000193	-10.8800000000019	20	567.4730115098586
-9.44000000000193	-10.800000000001901	20	742.4779634747002
-9.44000000000193	-10.720000000001903	20	946.8997163330679
-9.44000000000193	-10.640000000001905	20	1177.0813148596678
-9.44000000000193	-10.560000000001907	20	1426.2347252866018
-9.44000000000193	-10.480000000001908	20	1684.447997879348
-9.44000000000193	-10.40000000000191	20	1939.1270788071258
-9.44000000000193	-10.320000000001912	20	2175.8902963358682
-9.44000000000193	-10.240000000001913	20	2379.8510755721663
-9.44000000000193	-10.160000000001915	20	2537.14114185343
-9.44000000000193	-10.080000000001917	20	2636.4621202250264
-9.44000000000193	-10.000000000001918	20	2670.425738809133
-9.44000000000193	-9.92000000000192	20	2636.4621202282638
-9.44000000000193	-9.840000000001922	20	2537.14114185966
-9.44000000000193	-9.760000000001924	20	2379.8510755809325
-9.44000000000193	-9.680000000001925	20	2175.890296346555
-9.44000000000193	-9.600000000001927	20	1939.12707881903
-9.44000000000193	-9.520000000001929	20	1684.447997891757
-9.44000000000193	-9.44000000000193	20	1426.2347252988604
-9.44000000000193	-9.360000000001932	20	1177.0813148712293
-9.44000000000193	-9.280000000001934	20	946.8997163435315
-9.44000000000193	-9.200000000001936	20	742.4779634838164
-9.44000000000193	-9.120000000001937	20	567.4730115175227
-9.44000000000193	-9.040000000001939	20	422.7551591242289
-9.44000000000193	-8.96000000000194	20	306.98325171618643
-9.44000000000193	-8.880000000001942	20	217.28137909334134
-9.44000000000193	-8.800000000001944	20	149.90371551561583
-9.44000000000193	-8.720000000001946	20	100.80552759951394
-9.44000000000193	-8.640000000001947	20	66.07518044715994
-9.44000000000193	-8.56000000000195	20	42.21574228597129
-9.44000000000193	-8.48000000000195	20	26.29011969050921
-9.44000000000193	-8.400000000001953	20	15.95852535473597
-9.360000000001932	-11.600000000001884	20	13.170680585947022
-9.360000000001932	-11.520000000001886	20	21.697416353552985
-9.360000000001932	-11.440000000001888	20	34.84094206633851
-9.360000000001932	-11.36000000000189	20	54.532300258764096
-9.360000000001932	-11.280000000001891	20	83.19549430822407
-9.360000000001932	-11.200000000001893	20	123.71656602525934
-9.360000000001932	-11.120000000001895	20	179.32381455810872
-9.360000000001932	-11.040000000001896	20	253.3553861493934
-9.360000000001932	-10.960000000001898	20	348.9027365105967
-9.360000000001932	-10.8800000000019	20	468.33937408303706
-9.360000000001932	-10.800000000001901	20	612.7721629597677
-9.360000000001932	-10.720000000001903	20	781.4828396629929
-9.360000000001932	-10.640000000001905	20	971.4532939275086
-9.360000000001932	-10.560000000001907	20	1177.0813148611128
-9.360000000001932	-10.480000000001908	20	1390.186502267753
-9.360000000001932	-10.40000000000191	20	1600.3748970187282
-9.360000000001932	-10.320000000001912	20	1795.7772066515113
-9.360000000001932	-10.240000000001913	20	1964.1074386582486
-9.360000000001932	-10.160000000001915	20	2093.920010705768
-9.360000000001932	-10.080000000001917	20	2175.8902963412115
-9.360000000001932	-10.000000000001918	20	2203.9207040375236
-9.360000000001932	-9.92000000000192	20	2175.890296343883
-9.360000000001932	-9.840000000001922	20	2093.9200107109095
-9.360000000001932	-9.760000000001924	20	1964.1074386654834
-9.360000000001932	-9.680000000001925	20	1795.7772066603306
-9.360000000001932	-9.600000000001927	20	1600.3748970285533
-9.360000000001932	-9.520000000001929	20	1390.1865022779946
-9.360000000001932	-9.44000000000193	20	1177.0813148712293
-9.360000000001932	-9.360000000001932	20	971.4532939370508
-9.360000000001932	-9.280000000001934	20	781.4828396716284
-9.360000000001932	-9.200000000001936	20	612.7721629672914
-9.360000000001932	-9.120000000001937	20	468.3393740893624
-9.360000000001932	-9.040000000001939	20	348.9027365157372
-9.360000000001932	-8.96000000000194	20	253.35538615343734
-9.360000000001932	-8.880000000001942	20	179.32381456119117
-9.360000000001932	-8.800000000001944	20	123.71656602753787
-9.360000000001932	-8.720000000001946	20	83.19549430985842
-9.360000000001932	-8.640000000001947	20	54.53230025990236
-9.360000000001932	-8.56000000000195	20	34.840942067108514
-9.360000000001932	-8.48000000000195	20	21.69741635405916
-9.360000000001932	-8.400000000001953	20	13.170680586270445
-9.280000000001934	-11.600000000001884	20	10.595116542351052
-9.280000000001934	-11.520000000001886	20	17.454424882119927
-9.280000000001934	-11.440000000001888	20	28.027696763979723
-9.280000000001934	-11.36000000000189	20	43.868353863244295
-9.280000000001934	-11.280000000001891	20	66.92637880343503
-9.280000000001934	-11.200000000001893	20	99.52343971166471
-9.280000000001934	-11.120000000001895	20	144.25653265704003
-9.280000000001934	-11.040000000001896	20	203.8110198913584
-9.280000000001934	-10.960000000001898	20	280.6738141701861
-9.280000000001934	-10.8800000000019	20	376.7542776093168
-9.280000000001934	-10.800000000001901	20	492.94282388068734
-9.280000000001934	-10.720000000001903	20	628.661647972195
-9.280000000001934	-10.640000000001905	20	781.4828396639522
-9.280000000001934	-10.560000000001907	20	946.8997163353931
-9.280000000001934	-10.480000000001908	20	1118.3315783123699
-9.280000000001934	-10.40000000000191	20	1287.4170347323231
-9.280000000001934	-10.320000000001912	20	1444.6078670278764
-9.280000000001934	-10.240000000001913	20	1580.0206434652102
-9.280000000001934	-10.160000000001915	20	1684.4479978855525
-9.280000000001934	-10.080000000001917	20	1750.3887610564386
-9.280000000001934	-10.000000000001918	20	1772.937742814369
-9.280000000001934	-9.92000000000192	20	1750.388761058588
-9.280000000001934	-9.840000000001922	20	1684.4479978896886
-9.280000000001934	-9.760000000001924	20	1580.0206434710299
-9.280000000001934	-9.680000000001925	20	1444.6078670349714
-9.280000000001934	-9.600000000001927	20	1287.4170347402267
-9.280000000001934	-9.520000000001929	20	1118.3315783206087
-9.280000000001934	-9.44000000000193	20	946.8997163435315
-9.280000000001934	-9.360000000001932	20	781.4828396716284
-9.280000000001934	-9.280000000001934	20	628.6616479791419
-9.280000000001934	-9.200000000001936	20	492.94282388673975
-9.280000000001934	-9.120000000001937	20	376.75427761440517
-9.280000000001934	-9.040000000001939	20	280.6738141743215
-9.280000000001934	-8.96000000000194	20	203.81101989461152
-9.280000000001934	-8.880000000001942	20	144.2565326595197
-9.280000000001934	-8.800000000001944	20	99.52343971349765
-9.280000000001934	-8.720000000001946	20	66.92637880474976
-9.280000000001934	-8.640000000001947	20	43.86835386416001
-9.280000000001934	-8.56000000000195	20	28.027696764599153
-9.280000000001934	-8.48000000000195	20	17.45442488252712
-9.280000000001934	-8.400000000001953	20	10.595116542611231
-9.200000000001936	-11.520000000001886	20	13.686270696437713
-9.200000000001936	-11.440000000001888	20	21.976928343393713
-9.200000000001936	-11.36000000000189	20	34.39782003900433
-9.200000000001936	-11.280000000001891	20	52.47795577466734
-9.200000000001936	-11.200000000001893	20	78.03778959968848
-9.200000000001936	-11.120000000001895	20	113.11366424317063
-9.200000000001936	-11.040000000001896	20	159.81121165485197
-9.200000000001936	-10.960000000001898	20	220.08045662219877
-9.200000000001936	-10.8800000000019	20	295.41855800038746
-9.200000000001936	-10.800000000001901	20	386.523702216541
-9.200000000001936	-10.720000000001903	20	492.9428238812924
-9.200000000001936	-10.640000000001905	20	612.7721629612724
-9.200000000001936	-10.560000000001907	20	742.4779634774349
-9.200000000001936	-10.480000000001908	20	876.9002022425021
-9.200000000001936	-10.40000000000191	20	1009.4825899764446
-9.200000000001936	-10.320000000001912	20	1132.7382283790087
-9.200000000001936	-10.240000000001913	20	1238.917373586826
-9.200000000001936	-10.160000000001915	20	1320.8003946752901
-9.200000000001936	-10.080000000001917	20	1372.5055147684154
-9.200000000001936	-10.000000000001918	20	1390.186502274581
-9.200000000001936	-9.92000000000192	20	1372.5055147701007
-9.200000000001936	-9.840000000001922	20	1320.8003946785338
-9.200000000001936	-9.760000000001924	20	1238.9173735913892
-9.200000000001936	-9.680000000001925	20	1132.7382283845718
-9.200000000001936	-9.600000000001927	20	1009.4825899826418
-9.200000000001936	-9.520000000001929	20	876.9002022489623
-9.200000000001936	-9.44000000000193	20	742.4779634838164
-9.200000000001936	-9.360000000001932	20	612.7721629672914
-9.200000000001936	-9.280000000001934	20	492.94282388673975
-9.200000000001936	-9.200000000001936	20	386.5237022212867
-9.200000000001936	-9.120000000001937	20	295.41855800437725
-9.200000000001936	-9.040000000001939	20	220.0804566254414
-9.200000000001936	-8.96000000000194	20	159.8112116574028
-9.200000000001936	-8.880000000001942	20	113.11366424511502
-9.200000000001936	-8.800000000001944	20	78.03778960112571
-9.200000000001936	-8.720000000001946	20	52.477955775698256
-9.200000000001936	-8.640000000001947	20	34.39782003972232
-9.200000000001936	-8.56000000000195	20	21.976928343879415
-9.200000000001936	-8.48000000000195	20	13.686270696757
-9.120000000001937	-11.520000000001886	20	10.460363311133907
-9.120000000001937	-11.440000000001888	20	16.79688061368606
-9.120000000001937	-11.36000000000189	20	26.29011968999273
-9.120000000001937	-11.280000000001891	20	40.10869691270367
-9.120000000001937	-11.200000000001893	20	59.64397821117455
-9.120000000001937	-11.120000000001895	20	86.45233239067448
-9.120000000001937	-11.040000000001896	20	122.14308573754697
-9.120000000001937	-10.960000000001898	20	168.20663459094416
-9.120000000001937	-10.8800000000019	20	225.78725162433432
-9.120000000001937	-10.800000000001901	20	295.41855800075007
-9.120000000001937	-10.720000000001903	20	376.754277610242
-9.120000000001937	-10.640000000001905	20	468.33937408476214
-9.120000000001937	-10.560000000001907	20	567.4730115126454
-9.120000000001937	-10.480000000001908	20	670.2114042980936
-9.120000000001937	-10.40000000000191	20	771.5436061166387
-9.120000000001937	-10.320000000001912	20	865.7474097994158
-9.120000000001937	-10.240000000001913	20	946.899716338881
-9.120000000001937	-10.160000000001915	20	1009.4825899789234
-9.120000000001937	-10.080000000001917	20	1049.0006115946053
-9.120000000001937	-10.000000000001918	20	1062.5141213823556
-9.120000000001937	-9.92000000000192	20	1049.0006115958934
-9.120000000001937	-9.840000000001922	20	1009.4825899814024
-9.120000000001937	-9.760000000001924	20	946.8997163423688
-9.120000000001937	-9.680000000001925	20	865.7474098036678
-9.120000000001937	-9.600000000001927	20	771.5436061213752
-9.120000000001937	-9.520000000001929	20	670.211404303031
-9.120000000001937	-9.44000000000193	20	567.4730115175227
-9.120000000001937	-9.360000000001932	20	468.3393740893624
-9.120000000001937	-9.280000000001934	20	376.75427761440517
-9.120000000001937	-9.200000000001936	20	295.41855800437725
-9.120000000001937	-9.120000000001937	20	225.78725162738382
-9.120000000001937	-9.040000000001939	20	168.2066345934225
-9.120000000001937	-8.96000000000194	20	122.14308573949656
-9.120000000001937	-8.880000000001942	20	86.45233239216059
-9.120000000001937	-8.800000000001944	20	59.64397821227303
-9.120000000001937	-8.720000000001946	20	40.10869691349159
-9.120000000001937	-8.640000000001947	20	26.29011969054148
-9.120000000001937	-8.56000000000195	20	16.796880614057294
-9.120000000001937	-8.48000000000195	20	10.460363311377936
-9.040000000001939	-11.440000000001888	20	12.513313924199302
-9.040000000001939	-11.36000000000189	20	19.585572366192974
-9.040000000001939	-11.280000000001891	20	29.88011447496286
-9.040000000001939	-11.200000000001893	20	44.43347787067148
-9.040000000001939	-11.120000000001895	20	64.40512375865082
-9.040000000001939	-11.040000000001896	20	90.9939655258945
-9.040000000001939	-10.960000000001898	20	125.31031631281353
-9.040000000001939	-10.8800000000019	20	168.20663459115062
-9.040000000001939	-10.800000000001901	20	220.08045662273923
-9.040000000001939	-10.720000000001903	20	280.67381417122004
-9.040000000001939	-10.640000000001905	20	348.9027365123102
-9.040000000001939	-10.560000000001907	20	422.75515912059535
-9.040000000001939	-10.480000000001908	20	499.29304675340416
-9.040000000001939	-10.40000000000191	20	574.7833524326983
-9.040000000001939	-10.320000000001912	20	644.9631551858209
-9.040000000001939	-10.240000000001913	20	705.4198739514328
-9.040000000001939	-10.160000000001915	20	752.0427655553813
-9.040000000001939	-10.080000000001917	20	781.4828396687499
-9.040000000001939	-10.000000000001918	20	791.5501131155872
-9.040000000001939	-9.92000000000192	20	781.4828396697093
-9.040000000001939	-9.840000000001922	20	752.042765557228
-9.040000000001939	-9.760000000001924	20	705.4198739540311
-9.040000000001939	-9.680000000001925	20	644.9631551889884
-9.040000000001939	-9.600000000001927	20	574.7833524362269
-9.040000000001939	-9.520000000001929	20	499.2930467570825
-9.040000000001939	-9.44000000000193	20	422.7551591242289
-9.040000000001939	-9.360000000001932	20	348.9027365157372
-9.040000000001939	-9.280000000001934	20	280.6738141743215
-9.040000000001939	-9.200000000001936	20	220.0804566254414
-9.040000000001939	-9.120000000001937	20	168.2066345934225
-9.040000000001939	-9.040000000001939	20	125.31031631465977
-9.040000000001939	-8.96000000000194	20	90.99396552734689
-9.040000000001939	-8.880000000001942	20	64.40512375975787
-9.040000000001939	-8.800000000001944	20	44.43347787148981
-9.040000000001939	-8.720000000001946	20	29.88011447554985
-9.040000000001939	-8.640000000001947	20	19.585572366601784
-9.040000000001939	-8.56000000000195	20	12.513313924475852
-8.96000000000194	-11.36000000000189	20	14.222044514257046
-8.96000000000194	-11.280000000001891	20	21.697416353659552
-8.96000000000194	-11.200000000001893	20	32.2653271696435
-8.96000000000194	-11.120000000001895	20	46.76771859998554
-8.96000000000194	-11.040000000001896	20	66.0751804461864
-8.96000000000194	-10.960000000001898	20	90.99396552600619
-8.96000000000194	-10.8800000000019	20	122.14308573784687
-8.96000000000194	-10.800000000001901	20	159.81121165544062
-8.96000000000194	-10.720000000001903	20	203.81101989235933
-8.96000000000194	-10.640000000001905	20	253.35538615094865
-8.96000000000194	-10.560000000001907	20	306.98325171354793
-8.96000000000194	-10.480000000001908	20	362.56116511780135
-8.96000000000194	-10.40000000000191	20	417.3783778952536
-8.96000000000194	-10.320000000001912	20	468.3393740864871
-8.96000000000194	-10.240000000001913	20	512.2399622027987
-8.96000000000194	-10.160000000001915	20	546.0951300466181
-8.96000000000194	-10.080000000001917	20	567.4730115154324
-8.96000000000194	-10.000000000001918	20	574.7833524348154
-8.96000000000194	-9.92000000000192	20	567.473011516129
-8.96000000000194	-9.840000000001922	20	546.0951300479593
-8.96000000000194	-9.760000000001924	20	512.2399622046856
-8.96000000000194	-9.680000000001925	20	468.3393740887872
-8.96000000000194	-9.600000000001927	20	417.37837789781594
-8.96000000000194	-9.520000000001929	20	362.56116512047214
-8.96000000000194	-9.44000000000193	20	306.98325171618643
-8.96000000000194	-9.360000000001932	20	253.35538615343734
-8.96000000000194	-9.280000000001934	20	203.81101989461152
-8.96000000000194	-9.200000000001936	20	159.8112116574028
-8.96000000000194	-9.120000000001937	20	122.14308573949656
-8.96000000000194	-9.040000000001939	20	90.99396552734689
-8.96000000000194	-8.96000000000194	20	66.07518044724105
-8.96000000000194	-8.880000000001942	20	46.76771860078942
-8.96000000000194	-8.800000000001944	20	32.26532717023774
-8.96000000000194	-8.720000000001946	20	21.697416354085796
-8.96000000000194	-8.640000000001947	20	14.222044514553891
-8.880000000001942	-11.36000000000189	20	10.066299800751377
-8.880000000001942	-11.280000000001891	20	15.357334713635078
-8.880000000001942	-11.200000000001893	20	22.837254948356325
-8.880000000001942	-11.120000000001895	20	33.10198304840731
-8.880000000001942	-11.040000000001896	20	46.76771860004295
-8.880000000001942	-10.960000000001898	20	64.40512375880898
-8.880000000001942	-10.8800000000019	20	86.45233239099292
-8.880000000001942	-10.800000000001901	20	113.1136642437262
-8.880000000001942	-10.720000000001903	20	144.25653265792565
-8.880000000001942	-10.640000000001905	20	179.32381455942974
-8.880000000001942	-10.560000000001907	20	217.28137909147384
-8.880000000001942	-10.480000000001908	20	256.6191788056129
-8.880000000001942	-10.40000000000191	20	295.4185580022009
-8.880000000001942	-10.320000000001912	20	331.4885242642004
-8.880000000001942	-10.240000000001913	20	362.5611651186916
-8.880000000001942	-10.160000000001915	20	386.52370221938827
-8.880000000001942	-10.080000000001917	20	401.65487156387223
-8.880000000001942	-10.000000000001918	20	406.82909832616656
-8.880000000001942	-9.92000000000192	20	401.65487156436524
-8.880000000001942	-9.840000000001922	20	386.5237022203375
-8.880000000001942	-9.760000000001924	20	362.56116512002717
-8.880000000001942	-9.680000000001925	20	331.48852426582835
-8.880000000001942	-9.600000000001927	20	295.4185580040145
-8.880000000001942	-9.520000000001929	20	256.6191788075033
-8.880000000001942	-9.44000000000193	20	217.28137909334134
-8.880000000001942	-9.360000000001932	20	179.32381456119117
-8.880000000001942	-9.280000000001934	20	144.2565326595197
-8.880000000001942	-9.200000000001936	20	113.11366424511502
-8.880000000001942	-9.120000000001937	20	86.45233239216059
-8.880000000001942	-9.040000000001939	20	64.40512375975787
-8.880000000001942	-8.96000000000194	20	46.76771860078942
-8.880000000001942	-8.880000000001942	20	33.10198304897633
-8.880000000001942	-8.800000000001944	20	22.837254948776927
-8.880000000001942	-8.720000000001946	20	15.357334713936769
-8.880000000001942	-8.640000000001947	20	10.066299800961502
-8.800000000001944	-11.280000000001891	20	10.595116542416099
-8.800000000001944	-11.200000000001893	20	15.755557992226068
-8.800000000001944	-11.120000000001895	20	22.83725494838438
-8.800000000001944	-11.040000000001896	20	32.26532716972273
-8.800000000001944	-10.960000000001898	20	44.43347787083514
-8.800000000001944	-10.8800000000019	20	59.643978211467505
-8.800000000001944	-10.800000000001901	20	78.03778960016756
-8.800000000001944	-10.720000000001903	20	99.52343971239789
-8.800000000001944	-10.640000000001905	20	123.71656602632261
-8.800000000001944	-10.560000000001907	20	149.90371551432742
-8.800000000001944	-10.480000000001908	20	177.04309746212581
-8.800000000001944	-10.40000000000191	20	203.81101989311003
-8.800000000001944	-10.320000000001912	20	228.6959041098741
-8.800000000001944	-10.240000000001913	20	250.13310381104858
-8.800000000001944	-10.160000000001915	20	266.6650006517444
-8.800000000001944	-10.080000000001917	20	277.1040843610747
-8.800000000001944	-10.000000000001918	20	280.67381417328767
-8.800000000001944	-9.92000000000192	20	277.10408436141483
-8.800000000001944	-9.840000000001922	20	266.6650006523992
-8.800000000001944	-9.760000000001924	20	250.13310381197002
-8.800000000001944	-9.680000000001925	20	228.6959041109973
-8.800000000001944	-9.600000000001927	20	203.81101989436127
-8.800000000001944	-9.520000000001929	20	177.04309746343003
-8.800000000001944	-9.44000000000193	20	149.90371551561583
-8.800000000001944	-9.360000000001932	20	123.71656602753787
-8.800000000001944	-9.280000000001934	20	99.52343971349765
-8.800000000001944	-9.200000000001936	20	78.03778960112571
-8.800000000001944	-9.120000000001937	20	59.64397821227303
-8.800000000001944	-9.040000000001939	20	44.43347787148981
-8.800000000001944	-8.96000000000194	20	32.26532717023774
-8.800000000001944	-8.880000000001942	20	22.837254948776927
-8.800000000001944	-8.800000000001944	20	15.755557992516243
-8.800000000001944	-8.720000000001946	20	10.595116542624236
-8.720000000001946	-11.200000000001893	20	10.595116542429103
-8.720000000001946	-11.120000000001895	20	15.35733471367278
-8.720000000001946	-11.040000000001896	20	21.697416353739474
-8.720000000001946	-10.960000000001898	20	29.880114475109625
-8.720000000001946	-10.8800000000019	20	40.10869691294987
-8.720000000001946	-10.800000000001901	20	52.47795577505393
-8.720000000001946	-10.720000000001903	20	66.92637880401018
-8.720000000001946	-10.640000000001905	20	83.19549430904125
-8.720000000001946	-10.560000000001907	20	100.80552759864753
-8.720000000001946	-10.480000000001908	20	119.05590722774716
-8.720000000001946	-10.40000000000191	20	137.05649203057772
-8.720000000001946	-10.320000000001912	20	153.7907929389658
-8.720000000001946	-10.240000000001913	20	168.2066345923898
-8.720000000001946	-10.160000000001915	20	179.3238145603104
-8.720000000001946	-10.080000000001917	20	186.3437695851404
-8.720000000001946	-10.000000000001918	20	188.74430045837522
-8.720000000001946	-9.92000000000192	20	186.34376958536913
-8.720000000001946	-9.840000000001922	20	179.3238145607508
-8.720000000001946	-9.760000000001924	20	168.20663459300943
-8.720000000001946	-9.680000000001925	20	153.79079293972111
-8.720000000001946	-9.600000000001927	20	137.0564920314191
-8.720000000001946	-9.520000000001929	20	119.05590722862419
-8.720000000001946	-9.44000000000193	20	100.80552759951394
-8.720000000001946	-9.360000000001932	20	83.19549430985842
-8.720000000001946	-9.280000000001934	20	66.92637880474976
-8.720000000001946	-9.200000000001936	20	52.477955775698256
-8.720000000001946	-9.120000000001937	20	40.10869691349159
-8.720000000001946	-9.040000000001939	20	29.88011447554985
-8.720000000001946	-8.96000000000194	20	21.697416354085796
-8.720000000001946	-8.880000000001942	20	15.357334713936769
-8.720000000001946	-8.800000000001944	20	10.595116542624236
-8.640000000001947	-11.120000000001895	20	10.066299800788464
-8.640000000001947	-11.040000000001896	20	14.222044514326898
-8.640000000001947	-10.960000000001898	20	19.585572366313215
-8.640000000001947	-10.8800000000019	20	26.290119690186394
-8.640000000001947	-10.800000000001901	20	34.39782003929997
-8.640000000001947	-10.720000000001903	20	43.868353863675225
-8.640000000001947	-10.640000000001905	20	54.53230025936672
-8.640000000001947	-10.560000000001907	20	66.07518044659203
-8.640000000001947	-10.480000000001908	20	78.03778960045499
-8.640000000001947	-10.40000000000191	20	89.83666529035489
-8.640000000001947	-10.320000000001912	20	100.80552759889508
-8.640000000001947	-10.240000000001913	20	110.25470525046136
-8.640000000001947	-10.160000000001915	20	117.5417031952789
-8.640000000001947	-10.080000000001917	20	122.14308573889673
-8.640000000001947	-10.000000000001918	20	123.71656602708218
-8.640000000001947	-9.92000000000192	20	122.14308573904667
-8.640000000001947	-9.840000000001922	20	117.54170319556758
-8.640000000001947	-9.760000000001924	20	110.2547052508675
-8.640000000001947	-9.680000000001925	20	100.8055275993902
-8.640000000001947	-9.600000000001927	20	89.83666529090641
-8.640000000001947	-9.520000000001929	20	78.03778960102993
-8.640000000001947	-9.44000000000193	20	66.07518044715994
-8.640000000001947	-9.360000000001932	20	54.53230025990236
-8.640000000001947	-9.280000000001934	20	43.86835386416001
-8.640000000001947	-9.200000000001936	20	34.39782003972232
-8.640000000001947	-9.120000000001937	20	26.29011969054148
-8.640000000001947	-9.040000000001939	20	19.585572366601784
-8.640000000001947	-8.96000000000194	20	14.222044514553891
-8.640000000001947	-8.880000000001942	20	10.066299800961502
-8.56000000000195	-10.960000000001898	20	12.513313924291491
-8.56000000000195	-10.8800000000019	20	16.796880613830428
-8.56000000000195	-10.800000000001901	20	21.97692834360958
-8.56000000000195	-10.720000000001903	20	28.027696764289423
-8.56000000000195	-10.640000000001905	20	34.840942066766296
-8.56000000000195	-10.560000000001907	20	42.21574228560844
-8.56000000000195	-10.480000000001908	20	49.8587093072594
-8.56000000000195	-10.40000000000191	20	57.39706625185152
-8.56000000000195	-10.320000000001912	20	64.40512375928343
-8.56000000000195	-10.240000000001913	20	70.44224762112265
-8.56000000000195	-10.160000000001915	20	75.09794474060047
-8.56000000000195	-10.080000000001917	20	78.03778960074243
-8.56000000000195	-10.000000000001918	20	79.04309352709664
-8.56000000000195	-9.92000000000192	20	78.03778960083821
-8.56000000000195	-9.840000000001922	20	75.09794474078491
-8.56000000000195	-9.760000000001924	20	70.4422476213821
-8.56000000000195	-9.680000000001925	20	64.4051237595997
-8.56000000000195	-9.600000000001927	20	57.39706625220389
-8.56000000000195	-9.520000000001929	20	49.85870930762669
-8.56000000000195	-9.44000000000193	20	42.21574228597129
-8.56000000000195	-9.360000000001932	20	34.840942067108514
-8.56000000000195	-9.280000000001934	20	28.027696764599153
-8.56000000000195	-9.200000000001936	20	21.976928343879415
-8.56000000000195	-9.120000000001937	20	16.796880614057294
-8.56000000000195	-9.040000000001939	20	12.513313924475852
-8.48000000000195	-10.8800000000019	20	10.460363311236653
-8.48000000000195	-10.800000000001901	20	13.686270696588958
-8.48000000000195	-10.720000000001903	20	17.454424882334237
-8.48000000000195	-10.640000000001905	20	21.69741635384604
-8.48000000000195	-10.560000000001907	20	26.29011969028325
-8.48000000000195	-10.480000000001908	20	31.04982559403544
-8.48000000000195	-10.40000000000191	20	35.744384912703794
-8.48000000000195	-10.320000000001912	20	40.10869691319613
-8.48000000000195	-10.240000000001913	20	43.8683538638907
-8.48000000000195	-10.160000000001915	20	46.767718600502356
-8.48000000000195	-10.080000000001917	20	48.598525523689965
-8.48000000000195	-10.000000000001918	20	49.2245848825461
-8.48000000000195	-9.92000000000192	20	48.59852552374962
-8.48000000000195	-9.840000000001922	20	46.76771860061721
-8.48000000000195	-9.760000000001924	20	43.868353864052274
-8.48000000000195	-9.680000000001925	20	40.108696913393096
-8.48000000000195	-9.600000000001927	20	35.74438491292323
-8.48000000000195	-9.520000000001929	20	31.04982559426417
-8.48000000000195	-9.44000000000193	20	26.29011969050921
-8.48000000000195	-9.360000000001932	20	21.69741635405916
-8.48000000000195	-9.280000000001934	20	17.45442488252712
-8.48000000000195	-9.200000000001936	20	13.686270696757
-8.48000000000195	-9.120000000001937	20	10.460363311377936
-8.400000000001953	-10.720000000001903	20	10.595116542494157
-8.400000000001953	-10.640000000001905	20	13.170680586141076
-8.400000000001953	-10.560000000001907	20	15.958525354598807
-8.400000000001953	-10.480000000001908	20	18.847743366547864
-8.400000000001953	-10.40000000000191	20	21.697416353899328
-8.400000000001953	-10.320000000001912	20	24.34662390927529
-8.400000000001953	-10.240000000001913	20	26.628796127548917
-8.400000000001953	-10.160000000001915	20	28.38875713976705
-8.400000000001953	-10.080000000001917	20	29.50008637855569
-8.400000000001953	-10.000000000001918	20	29.88011447540312
-8.400000000001953	-9.92000000000192	20	29.500086378591895
-8.400000000001953	-9.840000000001922	20	28.38875713983677
-8.400000000001953	-9.760000000001924	20	26.628796127646996
-8.400000000001953	-9.680000000001925	20	24.346623909394857
-8.400000000001953	-9.600000000001927	20	21.69741635403253
-8.400000000001953	-9.520000000001929	20	18.847743366686707
-8.400000000001953	-9.44000000000193	20	15.95852535473597
-8.400000000001953	-9.360000000001932	20	13.170680586270445
-8.400000000001953	-9.280000000001934	20	10.595116542611231
-8.320000000001954	-10.480000000001908	20	11.151713814441015
-8.320000000001954	-10.40000000000191	20	12.83779033838656
-8.320000000001954	-10.320000000001912	20	14.405256741024594
-8.320000000001954	-10.240000000001913	20	15.75555799240018
-8.320000000001954	-10.160000000001915	20	16.79688061395418
-8.320000000001954	-10.080000000001917	20	17.45442488244139
-8.320000000001954	-10.000000000001918	20	17.679277507770053
-8.320000000001954	-9.92000000000192	20	17.454424882462813
-8.320000000001954	-9.840000000001922	20	16.796880613995427
-8.320000000001954	-9.760000000001924	20	15.75555799245821
-8.320000000001954	-9.680000000001925	20	14.405256741095334
-8.320000000001954	-9.600000000001927	20	12.837790338465371
-8.320000000001954	-9.520000000001929	20	11.151713814523164
-8.240000000001956	-10.080000000001917	20	10.066299800899703
-8.240000000001956	-10.000000000001918	20	10.195976599351807
-8.240000000001956	-9.92000000000192	20	10.06629980091206
